9.067038893699645996e-01 9.620157480239868164e-01 9.795807003974914551e-01 1.071874618530273438e+00 1.046525120735168457e+00 9.764053821563720703e-01 8.569847345352172852e-01 9.436384439468383789e-01 1.064339995384216309e+00 1.033891201019287109e+00
8.934189081192016602e-01 9.682664871215820312e-01 9.976882934570312500e-01 1.069077968597412109e+00 1.052872300148010254e+00 1.003498315811157227e+00 8.677828311920166016e-01 9.180232286453247070e-01 1.055973887443542480e+00 1.036486387252807617e+00
8.920232653617858887e-01 9.768553972244262695e-01 9.984401464462280273e-01 1.068805336952209473e+00 1.057399749755859375e+00 1.001101732254028320e+00 8.692396283149719238e-01 9.198082685470581055e-01 1.078637719154357910e+00 1.017879843711853027e+00
9.010199904441833496e-01 9.694457650184631348e-01 9.805755615234375000e-01 1.125636577606201172e+00 1.082598686218261719e+00 9.905748367309570312e-01 8.721671700477600098e-01 9.439534544944763184e-01 1.054346323013305664e+00 1.035619378089904785e+00
9.088284373283386230e-01 9.711680412292480469e-01 9.904652833938598633e-01 1.079064846038818359e+00 1.077998280525207520e+00 1.002630949020385742e+00 8.804169893264770508e-01 9.457924962043762207e-01 1.058266997337341309e+00 1.036506772041320801e+00
9.085252285003662109e-01 9.783534407615661621e-01 9.909135699272155762e-01 1.108960986137390137e+00 1.078098893165588379e+00 1.004381179809570312e+00 8.829292058944702148e-01 9.229943752288818359e-01 1.066444516181945801e+00 1.031953930854797363e+00
9.287426471710205078e-01 9.806249737739562988e-01 9.937753677368164062e-01 1.089091539382934570e+00 1.062999844551086426e+00 1.002535104751586914e+00 8.563470244407653809e-01 9.368912577629089355e-01 1.070329666137695312e+00 1.034963369369506836e+00
9.190987348556518555e-01 9.851410984992980957e-01 1.005264878273010254e+00 1.088968634605407715e+00 1.073126316070556641e+00 1.010224938392639160e+00 8.718348741531372070e-01 9.148357510566711426e-01 1.062917947769165039e+00 1.066577911376953125e+00
9.108047485351562500e-01 9.890020489692687988e-01 9.966803193092346191e-01 1.090628981590270996e+00 1.072716116905212402e+00 1.005160093307495117e+00 8.757390379905700684e-01 9.389434456825256348e-01 1.092574238777160645e+00 1.040750026702880859e+00
9.143079519271850586e-01 9.811445474624633789e-01 1.000345706939697266e+00 1.091591238975524902e+00 1.096124529838562012e+00 1.006416797637939453e+00 8.949686288833618164e-01 9.557844400405883789e-01 1.056700944900512695e+00 1.075675010681152344e+00
