9.096896052360534668e-01 9.638227820396423340e-01 9.816249608993530273e-01 1.073253750801086426e+00 1.046497464179992676e+00 9.755566120147705078e-01 8.535482883453369141e-01 9.346415996551513672e-01 1.057637214660644531e+00 1.036303877830505371e+00
8.944861292839050293e-01 9.705795049667358398e-01 9.994832873344421387e-01 1.067813038825988770e+00 1.049636483192443848e+00 1.001337885856628418e+00 8.687391877174377441e-01 9.123998284339904785e-01 1.056301832199096680e+00 1.033347010612487793e+00
8.923522830009460449e-01 9.751414060592651367e-01 1.002428770065307617e+00 1.067075490951538086e+00 1.046105504035949707e+00 1.001355051994323730e+00 8.711341619491577148e-01 9.210477471351623535e-01 1.075358271598815918e+00 1.013811707496643066e+00
9.007043838500976562e-01 9.768415689468383789e-01 9.816721677780151367e-01 1.127657771110534668e+00 1.086500763893127441e+00 9.891762733459472656e-01 8.619588613510131836e-01 9.357507228851318359e-01 1.054371118545532227e+00 1.034148812294006348e+00
9.067079424858093262e-01 9.764173030853271484e-01 9.886152148246765137e-01 1.081738471984863281e+00 1.070719718933105469e+00 1.001390218734741211e+00 8.732633590698242188e-01 9.375971555709838867e-01 1.071764826774597168e+00 1.029391407966613770e+00
9.097840785980224609e-01 9.754390120506286621e-01 9.934916496276855469e-01 1.108054280281066895e+00 1.070739269256591797e+00 1.001740455627441406e+00 8.832123875617980957e-01 9.236481189727783203e-01 1.066516518592834473e+00 1.030420780181884766e+00
9.335347414016723633e-01 9.816046953201293945e-01 9.912453293800354004e-01 1.085202693939208984e+00 1.065834403038024902e+00 1.001120448112487793e+00 8.533658981323242188e-01 9.342427849769592285e-01 1.068953990936279297e+00 1.035418272018432617e+00
9.215635061264038086e-01 9.845002293586730957e-01 1.004721760749816895e+00 1.088057398796081543e+00 1.071675658226013184e+00 1.004747152328491211e+00 8.759920597076416016e-01 9.149703979492187500e-01 1.060669541358947754e+00 1.065271139144897461e+00
9.112347364425659180e-01 9.885507225990295410e-01 9.988132715225219727e-01 1.090896487236022949e+00 1.074551582336425781e+00 9.992877244949340820e-01 8.770734667778015137e-01 9.310224652290344238e-01 1.095370054244995117e+00 1.042701125144958496e+00
9.182567000389099121e-01 9.826484918594360352e-01 1.001389145851135254e+00 1.087225556373596191e+00 1.102164268493652344e+00 1.005116105079650879e+00 8.849712610244750977e-01 9.534286856651306152e-01 1.050638318061828613e+00 1.079295873641967773e+00
