2.897032588950922416e-01 0.000000000000000000e+00 1.120187657953636978e-02 1.359176427614642302e-01 3.522625321709864088e-01 0.000000000000000000e+00 2.241670113810636800e-01 6.631083008847778182e-02 3.336510948754946027e-01 2.493900212534763683e-01
0.000000000000000000e+00 3.605813385266677384e-01 3.721446467299115435e-01 5.775641137030587680e-02 2.994194861750447134e-01 0.000000000000000000e+00 7.642108656265676758e-02 1.169056257729691496e-02 0.000000000000000000e+00 4.195014822903938081e-03
0.000000000000000000e+00 0.000000000000000000e+00 4.433015350398764598e-01 4.308975266624374273e-02 2.796085884278759481e-01 0.000000000000000000e+00 4.464148583655700581e-02 1.758898475096583314e-01 5.526931864439894593e-01 0.000000000000000000e+00
6.646394261172533166e-03 0.000000000000000000e+00 0.000000000000000000e+00 2.799671374084746756e-01 2.140638471463994219e-01 3.666090107708890738e-02 2.125017093142720845e-03 2.165861124809456868e-03 0.000000000000000000e+00 6.817027495017248355e-03
1.844289087269105828e-02 5.874954945710620866e-03 2.120465567456197506e-02 0.000000000000000000e+00 2.562659504833643687e-01 3.567901606429383331e-03 1.445145529602462147e-04 3.452307375922659266e-03 8.108797585156353460e-02 2.231489188821285125e-03
4.557380514977823170e-03 2.014713624800927583e-02 2.554195484697160609e-02 4.380395359356470952e-01 2.497953142320671061e-01 6.955666745845272281e-02 4.132503913701126436e-02 1.248826626662017693e-02 0.000000000000000000e+00 0.000000000000000000e+00
1.088487298977088708e-01 1.259934225764922089e-02 0.000000000000000000e+00 3.031564999177728537e-02 2.512164051615516369e-01 8.746320121462779207e-03 1.097153581831772362e-01 1.918396249085073738e-02 0.000000000000000000e+00 5.069322039337064226e-03
5.746681418413199238e-02 9.553959387860648869e-03 9.719910871522423682e-03 4.346278311025451868e-02 2.630642302268963451e-01 2.567868695066964548e-03 6.945314215115842849e-02 5.820099261724343692e-02 6.411652484017984870e-03 2.656738223068060012e-02
3.222543922790688242e-02 0.000000000000000000e+00 4.845743356873874474e-02 3.343927284132299643e-02 2.964585096038363510e-01 3.961001453764196809e-03 3.926538928363153963e-02 5.236891217418203695e-03 3.177086065464687081e-01 4.300035981136913696e-03
0.000000000000000000e+00 0.000000000000000000e+00 0.000000000000000000e+00 1.906728922591006264e-02 2.054518544653199386e-01 3.258869705151015012e-02 0.000000000000000000e+00 0.000000000000000000e+00 0.000000000000000000e+00 6.361141201674035406e-01
