1.216042488813400269e-01 -1.891307719051837921e-02 -9.132993221282958984e-02 1.267720013856887817e-01 1.217849254608154297e-01 2.984921336174011230e-01 -2.464802702888846397e-03 4.902446642518043518e-02 6.171476095914840698e-03 7.194360345602035522e-02
2.858592383563518524e-02 4.090521335601806641e-01 -3.237347677350044250e-02 7.070157676935195923e-02 9.564892202615737915e-02 8.399376273155212402e-02 2.959793061017990112e-02 1.997405290603637695e-02 -3.980563580989837646e-02 -5.302111059427261353e-02
-2.524368937883991748e-05 -1.024754892569035292e-04 8.579136920161545277e-04 -1.478461781516671181e-04 1.107874140870990232e-05 -1.801573089323937893e-04 1.292084634769707918e-04 1.358589070150628686e-04 5.487974849529564381e-04 3.630039864219725132e-04
4.922742769122123718e-02 2.023479789495468140e-01 -1.279759645462036133e+00 4.379290044307708740e-01 1.314443200826644897e-01 2.555087804794311523e-01 -4.109607636928558350e-02 4.326701909303665161e-02 -3.599102050065994263e-02 -2.784321550279855728e-03
-1.604077871888875961e-03 3.151746233925223351e-03 8.150695264339447021e-02 -1.186747103929519653e-03 1.518460828810930252e-02 6.008943542838096619e-03 2.046144101768732071e-03 1.404761523008346558e-02 1.560582406818866730e-02 1.406561024487018585e-02
-1.034967601299285889e-02 -1.720184087753295898e-02 5.320957303047180176e-01 3.089635632932186127e-02 1.719892919063568115e-01 3.347729444503784180e-01 -6.776899099349975586e-02 1.633805483579635620e-01 1.156972348690032959e-01 1.925134211778640747e-01
7.051782310009002686e-02 -1.391270197927951813e-02 3.626518547534942627e-01 -1.338216289877891541e-02 5.897040292620658875e-02 8.968816697597503662e-02 1.999397873878479004e-01 3.617201372981071472e-02 3.882752358913421631e-02 2.280684001743793488e-02
-1.231689006090164185e-02 -3.664725460112094879e-03 2.621528208255767822e-01 -8.219365030527114868e-03 3.765374794602394104e-02 8.766626007854938507e-03 5.413355305790901184e-03 4.884448647499084473e-02 6.644360721111297607e-02 6.140599027276039124e-02
-7.784410566091537476e-02 -3.659801185131072998e-02 4.098986685276031494e-01 -1.775501854717731476e-02 5.091310292482376099e-02 -6.336819846183061600e-03 1.675072871148586273e-02 9.715005010366439819e-02 2.511185109615325928e-01 1.920921504497528076e-01
-7.725749909877777100e-02 -6.459172815084457397e-02 7.994759678840637207e-01 -2.057118900120258331e-02 9.977737814188003540e-02 2.632404118776321411e-02 6.837656721472740173e-03 1.596518456935882568e-01 2.885816991329193115e-01 2.961196303367614746e-01
