3.476396799087524414e-01 1.722331531345844269e-02 5.281942337751388550e-02 2.280124463140964508e-02 6.444983929395675659e-02 4.196799919009208679e-02 2.835368737578392029e-02 -5.423172842711210251e-03 4.330358281731605530e-02 6.932558864355087280e-02
-1.262656951439566910e-05 3.378098309040069580e-01 5.624685063958168030e-02 5.265445448458194733e-03 3.222963958978652954e-02 2.189255692064762115e-02 1.862834580242633820e-02 5.633361637592315674e-02 4.757587239146232605e-02 8.323983289301395416e-03
1.336961146444082260e-02 1.276141852140426636e-01 3.083037137985229492e-01 1.158957555890083313e-02 2.830095589160919189e-02 2.658083662390708923e-02 8.325242996215820312e-02 -6.021782755851745605e-03 2.757491469383239746e-01 2.111807838082313538e-02
-9.077694267034530640e-02 -4.016578197479248047e-02 -3.599018789827823639e-03 1.262184232473373413e-01 2.304911846294999123e-03 1.483301371335983276e-01 -3.980773314833641052e-02 -2.043582499027252197e-02 -5.401927977800369263e-03 -5.482518300414085388e-02
-1.350751891732215881e-02 1.983206905424594879e-02 6.912023294717073441e-03 -2.668885746970772743e-03 7.855999469757080078e-02 1.627300283871591091e-03 -2.855672501027584076e-03 9.765397012233734131e-02 3.267890773713588715e-03 1.339642331004142761e-02
-1.142939329147338867e-01 -4.826015606522560120e-02 -8.557152934372425079e-03 1.477016210556030273e-01 4.702591337263584137e-03 1.847898364067077637e-01 -4.126562178134918213e-02 -1.978606730699539185e-02 -7.059685885906219482e-03 -6.019640341401100159e-02
2.398614771664142609e-02 2.919905073940753937e-02 4.877832159399986267e-02 1.090018264949321747e-02 1.038096379488706589e-02 1.942835003137588501e-02 7.866489142179489136e-02 -1.819786615669727325e-03 4.578392207622528076e-02 7.631589192897081375e-03
-6.088284775614738464e-02 5.424015223979949951e-02 -7.514155731769278646e-05 -2.022393792867660522e-02 1.827446520328521729e-01 -1.638748124241828918e-02 -2.226970531046390533e-02 2.683143317699432373e-01 -1.380451302975416183e-02 2.798158489167690277e-02
3.182476013898849487e-02 8.443360775709152222e-02 1.638117730617523193e-01 1.500625070184469223e-02 2.126313000917434692e-02 2.397395297884941101e-02 7.565435022115707397e-02 -9.173141792416572571e-03 1.617338359355926514e-01 1.162883732467889786e-02
-4.342133644968271255e-03 2.710970677435398102e-02 4.488281905651092529e-03 9.184628725051879883e-03 6.471485644578933716e-02 1.581551693379878998e-02 -2.658570930361747742e-02 8.389936387538909912e-02 -1.377935055643320084e-03 2.454170137643814087e-01
