-1.799757480621337891e-01 -1.441298276185989380e-01 -3.394901454448699951e-01 7.618193328380584717e-02 -8.323457092046737671e-02 1.040553450584411621e-01 5.764399170875549316e-01 -2.474579513072967529e-01 -7.330030947923660278e-02 2.319423295557498932e-02
-3.651790320873260498e-01 4.631042182445526123e-01 2.915981411933898926e-01 1.164289414882659912e-01 -2.613288350403308868e-02 1.031509339809417725e-01 -1.336806267499923706e-01 -1.540306210517883301e-01 -6.380434334278106689e-02 -4.305024817585945129e-02
-3.068268001079559326e-01 -3.289248049259185791e-02 -5.745610687881708145e-04 4.696318414062261581e-03 -1.182595342397689819e-01 1.225120108574628830e-02 6.193001754581928253e-03 -1.341857016086578369e-01 -4.146174713969230652e-02 -4.232804104685783386e-02
-2.525382637977600098e-01 1.080620009452104568e-02 -5.502572748810052872e-03 3.764497935771942139e-01 -1.449451129883527756e-02 2.162154316902160645e-01 2.186997607350349426e-02 -1.281794309616088867e-01 7.679637987166643143e-03 9.283608943223953247e-02
-2.612606883049011230e-01 -2.664815634489059448e-02 2.325932122766971588e-02 -4.124035476706922054e-04 -7.597513496875762939e-02 1.680075004696846008e-02 8.169303182512521744e-04 -1.037875339388847351e-01 -5.344432778656482697e-03 -1.566607132554054260e-02
-3.523266613483428955e-01 -8.104999363422393799e-02 7.786370068788528442e-02 1.000208407640457153e-01 -5.129645019769668579e-02 1.918486505746841431e-01 7.634145766496658325e-02 -9.444013237953186035e-02 1.509050428867340088e-01 1.834291368722915649e-01
-2.806798517704010010e-01 -2.763412892818450928e-01 -3.974115252494812012e-01 -1.451421678066253662e-01 -2.303570210933685303e-01 1.711005344986915588e-02 7.476232647895812988e-01 -3.573375940322875977e-01 -1.012812033295631409e-01 -8.602596074342727661e-02
-9.961976855993270874e-02 -2.304189093410968781e-02 1.031006574630737305e-01 -3.680430352687835693e-02 3.805628803092986345e-04 -3.263011574745178223e-03 -3.768942505121231079e-02 8.763159066438674927e-02 9.516615420579910278e-02 5.381447076797485352e-02
-1.746404021978378296e-01 -7.237707078456878662e-02 1.419033408164978027e-01 -5.945855006575584412e-02 2.973211184144020081e-02 -1.138842664659023285e-02 -7.067778706550598145e-02 7.101814448833465576e-02 2.834424078464508057e-01 2.529766261577606201e-01
-2.302900403738021851e-01 -1.081883758306503296e-01 8.897610753774642944e-02 -6.184706930071115494e-03 1.413410296663641930e-03 8.398296684026718140e-02 -1.276549231261014938e-02 2.890324592590332031e-02 2.487943470478057861e-01 2.378214597702026367e-01
