-3.847794374451041222e-03 -7.390665821731090546e-03 -4.162160679697990417e-03 4.351811017841100693e-03 1.029416918754577637e-02 9.884663857519626617e-03 1.050220336765050888e-02 1.343969022855162621e-03 6.780509371310472488e-03 -2.649321965873241425e-02
-1.241241954267024994e-02 -5.690698511898517609e-03 3.620893985498696566e-04 2.771708415821194649e-03 3.174670785665512085e-02 7.868757471442222595e-03 5.783355329185724258e-03 2.872565062716603279e-03 7.296818308532238007e-03 -7.922499440610408783e-03
-1.835627481341362000e-02 -5.763317923992872238e-03 3.510450711473822594e-03 3.262798534706234932e-03 2.751340903341770172e-02 5.485601257532835007e-03 3.434076905250549316e-03 2.042220672592520714e-03 4.162384197115898132e-03 -7.405826356261968613e-03
3.533905372023582458e-02 -1.996460184454917908e-02 -1.211647316813468933e-01 6.520356237888336182e-02 -1.808312684297561646e-01 6.903154402971267700e-02 1.299003362655639648e-01 2.860866673290729523e-02 6.814726442098617554e-02 -2.942796945571899414e-01
-2.886902913451194763e-02 -4.245492164045572281e-03 2.944756112992763519e-02 4.926339723169803619e-03 7.065075039863586426e-01 -1.267589628696441650e-02 2.686040010303258896e-03 4.608924209605902433e-04 -2.164948172867298126e-02 1.051106303930282593e-02
-3.465032950043678284e-02 -7.956993766129016876e-03 -3.214674070477485657e-03 4.930528346449136734e-03 1.117396913468837738e-02 8.066481910645961761e-03 6.917688529938459396e-03 3.152590477839112282e-03 8.256928063929080963e-03 2.114790305495262146e-02
-1.849634945392608643e-02 -5.775182507932186127e-03 -9.982473216950893402e-03 7.848241366446018219e-03 -1.994612999260425568e-02 1.231191866099834442e-02 1.476840116083621979e-02 5.287478677928447723e-03 1.205531321465969086e-02 -8.717478252947330475e-03
-7.656802888959646225e-03 -6.131755188107490540e-03 -1.881164382211863995e-03 7.150409277528524399e-03 -1.347698457539081573e-02 1.071004569530487061e-02 1.256072986871004105e-02 4.452472552657127380e-03 1.049225218594074249e-02 -1.900717802345752716e-02
-6.765427533537149429e-03 -1.937741041183471680e-02 -1.629502624273300171e-01 3.905282914638519287e-02 -1.527882367372512817e-01 8.882470428943634033e-02 1.719055026769638062e-01 6.386277824640274048e-02 1.543332040309906006e-01 -2.508642077445983887e-01
-2.859904766082763672e-01 5.616497993469238281e-02 5.681139975786209106e-02 5.761796142905950546e-03 4.611918330192565918e-02 -3.002686426043510437e-02 -4.362843185663223267e-02 4.418598115444183350e-02 6.590080261230468750e-02 8.407632708549499512e-01
