4.174079746007919312e-02 7.696530222892761230e-02 7.064059376716613770e-02 -5.682857241481542587e-03 2.042502351105213165e-02 -2.979360753670334816e-03 8.027565479278564453e-02 9.687928855419158936e-02 -8.022753521800041199e-03 7.907791063189506531e-03
4.023206979036331177e-02 7.201461493968963623e-02 6.545175611972808838e-02 -4.742050543427467346e-03 1.621016114950180054e-02 -2.596591133624315262e-03 7.259775698184967041e-02 1.027031838893890381e-01 -7.325822021812200546e-03 6.575918290764093399e-03
2.844384312629699707e-02 7.244022935628890991e-02 7.260613143444061279e-02 -6.010937038809061050e-03 1.653436198830604553e-02 -3.579374635592103004e-03 8.030270785093307495e-02 8.436600863933563232e-02 -8.334725163877010345e-03 4.963620100170373917e-03
6.032326444983482361e-02 -2.301104664802551270e-01 -1.817825585603713989e-01 2.695140242576599121e-02 -5.238547176122665405e-02 2.968798391520977020e-03 -2.005981355905532837e-01 -2.074499130249023438e-01 4.248020239174365997e-03 -1.850129961967468262e-01
-4.201200902462005615e-01 3.575802594423294067e-02 4.633414000272750854e-02 -3.193648904561996460e-02 1.084408879280090332e+00 1.340397633612155914e-02 8.291679620742797852e-02 2.588286064565181732e-02 -3.664248436689376831e-02 3.633276745676994324e-02
-7.792003452777862549e-02 -1.659355685114860535e-02 -1.033759489655494690e-02 4.575412312988191843e-04 -2.267265133559703827e-02 -3.325986908748745918e-03 -1.260818261653184891e-02 -8.672724477946758270e-03 -3.786174114793539047e-03 -6.996760144829750061e-03
4.000864923000335693e-02 8.095043152570724487e-02 7.600180804729461670e-02 -5.158427171409130096e-03 1.127514615654945374e-02 -3.725892864167690277e-03 8.437418937683105469e-02 1.018552184104919434e-01 -7.955352775752544403e-03 1.385199837386608124e-02
5.116490274667739868e-02 6.047377735376358032e-02 4.833044856786727905e-02 -3.040903247892856598e-03 3.542667953297495842e-03 -2.290650270879268646e-03 5.530670285224914551e-02 1.027823835611343384e-01 -4.656849894672632217e-03 8.329953067004680634e-03
-1.467089951038360596e-01 -2.461111694574356079e-01 -1.774845123291015625e-01 4.003579914569854736e-02 -9.304728358983993530e-02 1.230684109032154083e-02 -1.990941613912582397e-01 -2.169195413589477539e-01 1.741450093686580658e-02 -2.035288959741592407e-01
-1.426693648099899292e-01 4.420199245214462280e-02 -1.294055581092834473e-02 6.353517062962055206e-03 -1.091028749942779541e-02 -3.345173597335815430e-02 -5.488528404384851456e-03 9.002973139286041260e-02 1.436787657439708710e-02 6.638377904891967773e-01
