9.483873684217843936e-01 -4.126395188250856459e-03 -2.117164402149685452e-03 4.319329461261812719e-01 2.309124305394077287e-03 1.370467843836280404e-02 1.875570118904138286e-02 -2.001160441860976719e-03 9.791991996174997936e-01 5.283667914739599292e-01
-6.642579026968502103e-03 5.951099869701161893e-01 1.105100803121046527e+00 -2.444907219999540790e-03 -1.785804423858566295e-03 -3.671032679012740420e-03 -2.840818409091661750e-03 -3.437382144678017074e-03 1.541537311135037121e-02 5.883844487949361525e-03
-6.647627438028873292e-03 -6.429374320227518834e-03 6.747668864457450066e-01 -2.452666076827592512e-03 -1.651506231058330089e-03 -3.673468441014481056e-03 -2.842168691109038872e-03 6.559790050778939730e-01 1.438852010930555148e+00 -2.065098451193369145e-03
-6.340346982937568321e-03 -2.496552039795811150e-03 8.482239416010678955e-04 1.333132240061862817e+00 -1.552420788791720845e-03 3.551931110696831943e-04 -1.950996455236294605e-04 9.064073634464084317e-03 6.462873543300559978e-03 5.478401169597057682e-03
-6.582039648803703069e-03 -6.324794085834523419e-03 -6.066932292093143650e-03 -1.542243226141668325e-03 4.256346707513383038e-02 7.318123807256040822e-03 3.469131715027466700e-02 -3.708935710427488982e-03 5.039787046101465995e-01 1.211012050436751156e-02
3.649767811894742567e-04 1.266305781421578694e-02 2.193637439499254438e-01 1.221315069731554237e+00 3.428014251995679940e-02 4.837802650871603910e-02 1.034993453704546040e-01 1.254264892968630623e-03 4.296712080542580692e-02 -1.736707279071845154e-05
6.013961306575749122e-01 -4.243208743070055189e-03 5.208954567689088894e-04 4.556039110527985991e-02 6.646002504199020021e-03 5.553654786723193851e-04 5.673368936214127911e-02 -3.005070411893073778e-03 5.638492765068045531e-03 8.230041651614014922e-05
9.038442215951089653e-02 6.546846259570452201e-03 9.487145251681674413e-03 3.544235270951878736e-02 8.040678972536647456e-03 3.890290381835793954e-02 2.646809395964581924e-02 6.551419324972043157e-01 1.134210864530264679e-01 4.894315646118042040e-01
3.779268568543444652e-03 -2.854075262803665303e-03 -1.483834649278883977e-03 1.635686161573618458e-02 3.936303783417544749e-03 8.630556599994870792e-02 6.035285921475889775e-04 1.986949254258108498e-03 1.253237142531516968e+00 4.380963180567067072e-02
-2.223278058408142879e-03 4.734899823257317231e-03 -4.416268019619595114e-03 3.459763895026530135e-04 -1.728582947843863718e-03 2.059247085248311349e-01 -3.639524778077873283e-04 -3.707138693731018390e-03 5.181474231916947601e-03 1.389346678357123999e+00
