1.346330003694359305e-06 1.368889564956595790e-06 7.440981807933621486e-07 5.195292131589318227e-04 3.681141227432355037e-04 7.388743769884449291e-07 5.061485969418132710e-06 7.996917978043057895e-07 7.119931898915132784e-04 2.708907620501961968e-04
1.115793640949028403e-06 6.397835786606299382e-07 2.470201152704366474e-07 6.425113100733465714e-04 2.446909457012099863e-04 1.094563906987546617e-06 1.286932311286912627e-06 1.257985519225879283e-06 7.832655259978484703e-04 3.106358648932842394e-04
5.536085315309610251e-07 1.563742464800784144e-06 8.330576321264312704e-07 6.939314470224757381e-04 2.924549249322638518e-04 9.510529887638380287e-07 4.466504839191031139e-06 1.347701312463395763e-06 5.922809259175114329e-04 2.750210640631656558e-04
7.821782058741779666e-04 6.104776055057958969e-04 6.335585023198211495e-04 4.568778840563534477e-03 1.799937765842954743e-03 7.006020160715428985e-04 8.614955850796083420e-04 4.850389840751718551e-04 3.108488749503087161e-03 1.870183622051163489e-03
2.299435627091199127e-03 1.898861681553507159e-03 1.346856444956250889e-03 3.148142861840960618e-03 1.565300535250748609e-02 2.084243485686505721e-07 1.776062811496936564e-06 1.970578767847315873e-16 3.644567758509881673e-03 1.917275143801701635e-03
1.234851748556545868e-06 9.913450621658417725e-07 1.885143212899923176e-06 6.978931974431983954e-04 2.841598419900233049e-04 1.526576597380953749e-06 1.207834246281901492e-06 8.599997203341796587e-07 7.843143649700074892e-04 4.324251826650517662e-04
1.024548952391494826e-06 4.105510621482284047e-07 1.300815199391840061e-06 6.125226144085416232e-04 4.080937029420167125e-04 6.715531689056381035e-07 1.220334221824933575e-06 1.237597980169698706e-06 7.021411166986163584e-04 2.827566935620192865e-04
1.005331542196232968e-06 1.785022855294596218e-06 4.544901482470079856e-07 6.857914628275935728e-04 4.892563487599854970e-04 1.214022625822455605e-06 9.336389059461563818e-07 1.223697589580829836e-06 5.887631201292718329e-04 2.742850986134046402e-04
8.051219056603700543e-04 8.968576459362143831e-04 8.513065502639069471e-04 4.444747068964512680e-03 1.651308872958047198e-03 8.024831727593822062e-04 5.524908138019068212e-04 6.724168503492463202e-04 3.833436699112651846e-03 2.104329842228083551e-03
2.739221491870400570e-06 1.302000888041491304e-06 1.536797058160792124e-07 3.315760058794059960e-03 2.020829212252609180e-03 2.149732591215916620e-03 2.167153165918271097e-03 1.558126500432203661e-03 3.018043473889004628e-03 1.660257809325441092e-02
