1.793661862611770630e-01 -6.456316262483596802e-02 -7.776223123073577881e-02 -5.793182551860809326e-02 -4.381587356328964233e-02 -7.762323319911956787e-02 -9.037960320711135864e-02 -7.184004038572311401e-02 -5.319270864129066467e-02 3.537650778889656067e-02
1.847515702247619629e-01 -7.053258270025253296e-02 -8.533956110477447510e-02 -6.301133334636688232e-02 -5.127806589007377625e-02 -8.465168625116348267e-02 -9.992621839046478271e-02 -7.925358414649963379e-02 -5.764611810445785522e-02 5.397617444396018982e-02
1.321662068367004395e-01 -4.396145418286323547e-02 -5.022710561752319336e-02 -3.893800079822540283e-02 -2.755560912191867828e-02 -5.061563104391098022e-02 -5.917153507471084595e-02 -4.716736450791358948e-02 -3.645701333880424500e-02 2.897609397768974304e-02
8.520711660385131836e-01 -3.482249677181243896e-01 -4.660223126411437988e-01 -3.535766601562500000e-01 -6.003626585006713867e-01 -4.911502301692962646e-01 -5.331718325614929199e-01 -4.153669178485870361e-01 -3.077186942100524902e-01 1.253221333026885986e-01
-1.553688496351242065e-01 -5.037660244852304459e-03 -2.337028272449970245e-02 -1.546913944184780121e-02 9.902795553207397461e-01 6.045459304004907608e-03 -3.247718513011932373e-02 -2.057647518813610077e-02 -1.347580831497907639e-02 1.536285132169723511e-02
2.156613916158676147e-01 -8.664931356906890869e-02 -1.000538915395736694e-01 -7.386033982038497925e-02 -9.526501595973968506e-02 -1.002454757690429688e-01 -1.199062913656234741e-01 -9.316948056221008301e-02 -7.046076655387878418e-02 1.081414595246315002e-01
1.849519461393356323e-01 -6.915692239999771118e-02 -7.920561730861663818e-02 -5.962867662310600281e-02 -6.514650583267211914e-02 -8.033494651317596436e-02 -9.605262428522109985e-02 -7.463093847036361694e-02 -5.672381073236465454e-02 9.596884250640869141e-02
2.355638593435287476e-01 -6.675844639539718628e-02 -7.573363184928894043e-02 -5.718662217259407043e-02 -6.914234906435012817e-02 -7.605122029781341553e-02 -9.038493782281875610e-02 -7.042919844388961792e-02 -5.350110679864883423e-02 7.438279688358306885e-02
8.205295205116271973e-01 -3.535076379776000977e-01 -4.808619320392608643e-01 -3.733432590961456299e-01 -5.944850444793701172e-01 -5.044196248054504395e-01 -5.448146462440490723e-01 -4.325985610485076904e-01 -3.239456713199615479e-01 1.341122686862945557e-01
-3.063908815383911133e-01 4.435680806636810303e-02 5.726712942123413086e-02 4.739071428775787354e-02 8.370941877365112305e-02 2.439795434474945068e-02 1.199539005756378174e-02 4.667950049042701721e-02 1.770125515758991241e-02 6.829022169113159180e-01
