1.396255046129226685e-01 3.825363144278526306e-02 7.604231685400009155e-02 -6.148985773324966431e-02 -4.410947114229202271e-02 9.709844738245010376e-02 8.512462489306926727e-03 3.847756981849670410e-02 -2.118829265236854553e-02 -1.477886550128459930e-02 8.475841581821441650e-02 1.124271452426910400e-01 -1.793817616999149323e-02 -1.234698668122291565e-02 9.686651639640331268e-03
-7.435436546802520752e-02 1.833054274320602417e-01 5.750886350870132446e-02 -2.976560033857822418e-02 3.476946055889129639e-02 -4.345048218965530396e-03 1.007160264998674393e-02 1.026700623333454132e-02 -1.426902413368225098e-02 -2.614296786487102509e-02 2.446171827614307404e-02 4.859104007482528687e-02 1.212734542787075043e-02 1.063936669379472733e-02 6.495790556073188782e-03
5.928285419940948486e-02 5.394207313656806946e-02 1.339343339204788208e-01 -3.753586858510971069e-02 1.223879866302013397e-02 4.013802856206893921e-02 9.379224851727485657e-03 2.860740944743156433e-02 -3.068729490041732788e-02 -9.613334201276302338e-03 2.557349763810634613e-02 5.542797595262527466e-02 -1.830112002789974213e-02 2.237442648038268089e-03 -3.456707112491130829e-03
1.796884387731552124e-01 -3.719951212406158447e-01 -2.291200906038284302e-01 5.610336065292358398e-01 -7.183548063039779663e-02 9.314962662756443024e-03 -2.679469883441925049e-01 -3.275766968727111816e-02 2.692371793091297150e-02 -1.361911892890930176e-01 5.644454434514045715e-02 -2.454618513584136963e-01 -1.108849793672561646e-01 6.789329461753368378e-03 7.818442583084106445e-02
-2.772027850151062012e-01 2.725551426410675049e-01 1.907729655504226685e-01 -9.243728220462799072e-02 6.520434617996215820e-01 -1.760507225990295410e-01 -4.400674626231193542e-02 -7.048094272613525391e-02 -7.409191876649856567e-02 9.668331593275070190e-02 -2.064768970012664795e-01 -3.025851957499980927e-02 -9.944962710142135620e-02 6.915015727281570435e-02 1.198586225509643555e-01
1.360421478748321533e-01 -4.438820108771324158e-02 4.209985584020614624e-02 -2.220255788415670395e-03 -8.139590173959732056e-02 2.798195779323577881e-01 -3.161182999610900879e-02 6.909677386283874512e-02 -2.963514998555183411e-02 -9.780280292034149170e-03 1.419932842254638672e-01 1.035667359828948975e-01 -4.166006669402122498e-02 -3.245340287685394287e-02 2.003966830670833588e-02
-1.087957695126533508e-01 4.278191179037094116e-02 5.167891830205917358e-02 -1.330555696040391922e-02 -2.787559665739536285e-02 3.496670722961425781e-02 1.809131503105163574e-01 7.721835374832153320e-02 -2.643126761540770531e-03 -1.151768490672111511e-02 6.224830821156501770e-02 3.582615777850151062e-02 2.271803282201290131e-02 -1.828963751904666424e-03 -3.023270703852176666e-02
5.061733722686767578e-02 -2.262596972286701202e-02 6.053077802062034607e-02 4.654240037780255079e-04 -6.830450892448425293e-02 1.739761531352996826e-01 4.336312785744667053e-02 1.479251235723495483e-01 -3.705918788909912109e-02 3.776627359911799431e-03 1.040197536349296570e-01 4.027131572365760803e-02 -1.471575815230607986e-02 -2.711912058293819427e-02 -2.514180727303028107e-02
-6.933288574218750000e-01 9.771399945020675659e-02 -4.740601032972335815e-02 -2.189678512513637543e-02 -1.498532891273498535e-01 -1.439583599567413330e-01 1.342193633317947388e-01 2.354177646338939667e-02 4.608438909053802490e-01 -1.352720241993665695e-02 -1.933215931057929993e-02 2.231941074132919312e-01 3.187048435211181641e-02 -5.396032705903053284e-02 1.228275001049041748e-01
3.592491447925567627e-01 -1.077349334955215454e-01 7.398652285337448120e-02 -7.614969462156295776e-02 8.669129014015197754e-02 8.717030286788940430e-02 -1.639127358794212341e-02 4.812763258814811707e-02 -4.424274340271949768e-02 5.532656311988830566e-01 -1.472309231758117676e-01 -3.016291186213493347e-02 -1.140880584716796875e-01 -9.120476432144641876e-03 9.020277857780456543e-02
-4.271131381392478943e-02 -1.156025193631649017e-02 1.044645998626947403e-02 7.518252823501825333e-03 -4.892129823565483093e-02 1.269843429327011108e-01 -2.623330056667327881e-02 3.179896250367164612e-02 -1.587525941431522369e-02 -3.750065341591835022e-02 2.051807194948196411e-01 1.015620827674865723e-01 8.834267035126686096e-03 -1.028968393802642822e-02 3.461908921599388123e-02
6.090164929628372192e-02 1.699269749224185944e-02 3.875233978033065796e-02 -1.913540996611118317e-02 -3.163386881351470947e-02 8.531673997640609741e-02 -3.629233315587043762e-02 5.629255436360836029e-03 -1.017342507839202881e-02 -2.372113242745399475e-02 8.436505496501922607e-02 1.101573258638381958e-01 -1.689648441970348358e-02 -8.667672984302043915e-03 5.293513461947441101e-02
4.476526752114295959e-02 4.505180940032005310e-02 2.901830151677131653e-02 2.030190266668796539e-02 -2.758769877254962921e-02 3.570925071835517883e-02 -1.565512642264366150e-02 1.588466577231884003e-02 -7.914392277598381042e-03 -7.116139680147171021e-02 9.301634132862091064e-02 6.747121363878250122e-02 8.511047065258026123e-02 2.341158688068389893e-03 3.522577928379178047e-03
-8.725171089172363281e-01 2.937959134578704834e-01 -8.526983112096786499e-02 -2.911656498908996582e-01 -2.082753628492355347e-01 -3.465430438518524170e-01 1.480598300695419312e-01 4.219723492860794067e-02 -1.666432172060012817e-01 -2.860399484634399414e-01 4.463825225830078125e-01 1.131459698081016541e-02 5.984522029757499695e-02 6.054534912109375000e-01 -1.817653775215148926e-01
8.537567406892776489e-02 -1.459418833255767822e-01 -3.710211813449859619e-02 -1.633289083838462830e-02 2.254998497664928436e-02 1.317283809185028076e-01 -2.797628045082092285e-01 -1.554589718580245972e-01 -5.533709749579429626e-02 6.347435712814331055e-02 6.787531822919845581e-02 1.790861785411834717e-01 -1.868452280759811401e-01 1.393305417150259018e-02 5.520468950271606445e-01
