3.568357601761817932e-02 8.362790569663047791e-03 2.200783789157867432e-02 4.775636829435825348e-03 2.840346470475196838e-02 1.117298100143671036e-02 4.096844699233770370e-03 1.176665630191564560e-02 -3.145304322242736816e-02 -1.065084128640592098e-03
2.380494773387908936e-02 4.117877688258886337e-03 1.934913732111454010e-02 2.308488590642809868e-03 2.127816528081893921e-02 1.098860707134008408e-02 5.007439292967319489e-03 1.123436167836189270e-02 -1.210520230233669281e-02 -7.549970410764217377e-03
2.594710886478424072e-02 7.327311206609010696e-03 1.547597069293260574e-02 7.967408746480941772e-03 2.327742986381053925e-02 9.920211508870124817e-03 5.247646011412143707e-03 1.155622489750385284e-02 -3.010968677699565887e-02 4.985826555639505386e-03
1.901031881570816040e-01 6.337083131074905396e-02 8.566752821207046509e-02 8.845883607864379883e-02 1.276663690805435181e-01 4.672008752822875977e-02 2.320468984544277191e-02 6.607336550951004028e-02 -1.740186661481857300e-01 -1.542306393384933472e-01
1.047862842679023743e-01 7.996954023838043213e-02 1.840075999498367310e-01 3.387029096484184265e-02 4.281828701496124268e-01 4.795372858643531799e-02 2.922528982162475586e-02 1.255380660295486450e-01 -2.032375335693359375e-01 -1.133284196257591248e-01
1.111413352191448212e-02 5.206770263612270355e-03 1.802817732095718384e-02 1.020625513046979904e-02 2.698780596256256104e-02 1.235342305153608322e-02 5.850949324667453766e-03 1.254053227603435516e-02 -2.242759428918361664e-02 3.324698284268379211e-02
-2.294364618137478828e-03 7.646332029253244400e-03 1.314753852784633636e-02 6.510522216558456421e-03 2.124859020113945007e-02 1.177550666034221649e-02 2.365837339311838150e-03 1.508925296366214752e-02 -2.121341787278652191e-02 5.631282553076744080e-02
1.916609890758991241e-02 1.269161701202392578e-02 2.320541255176067352e-02 9.090866893529891968e-03 3.088397532701492310e-02 6.778934970498085022e-03 4.826586227864027023e-03 1.781125925481319427e-02 -2.270867303013801575e-02 1.872978545725345612e-02
3.161816671490669250e-02 4.886084422469139099e-02 -7.202239707112312317e-03 -1.592184007167816162e-01 -2.084353715181350708e-01 -7.041383534669876099e-02 -7.144845277070999146e-02 1.578831230290234089e-03 5.956279039382934570e-01 -2.955599129199981689e-01
-2.628487944602966309e-01 5.312843993306159973e-02 5.367662757635116577e-02 -1.894631050527095795e-02 -1.391829270869493484e-02 -2.649745717644691467e-02 5.073358118534088135e-02 -8.123867446556687355e-04 4.207746312022209167e-02 1.205480933189392090e+00
