4.894796013832092285e-01 6.730001419782638550e-02 2.829658240079879761e-02 -2.515912428498268127e-02 -3.216545283794403076e-02 5.437906831502914429e-03 1.849848031997680664e-01 -5.657735280692577362e-03 6.395316123962402344e-02 6.931719183921813965e-02
-2.845669165253639221e-02 2.651523053646087646e-01 2.526917457580566406e-01 -5.594592168927192688e-02 -2.860586345195770264e-02 9.445147588849067688e-03 6.119695305824279785e-02 1.264411769807338715e-02 2.171354144811630249e-01 4.784250631928443909e-02
-1.060106977820396423e-01 2.860582768917083740e-01 3.327719569206237793e-01 -5.968186631798744202e-02 -3.787763416767120361e-02 2.417523041367530823e-02 4.179201647639274597e-02 7.591560017317533493e-03 2.844314277172088623e-01 5.245151370763778687e-02
-1.790150851011276245e-01 -3.093921951949596405e-02 -6.791457533836364746e-02 1.009103134274482727e-01 6.594327092170715332e-02 8.464460819959640503e-02 -1.370749920606613159e-01 6.882344931364059448e-02 -4.823831468820571899e-02 -1.298323869705200195e-01
-3.733697161078453064e-02 9.981936775147914886e-03 -1.078771892935037613e-02 3.522831946611404419e-02 2.612424641847610474e-02 3.400267288088798523e-02 -3.054689615964889526e-02 2.983410470187664032e-02 -9.011108195409178734e-04 -3.336279839277267456e-02
-1.488422155380249023e-01 -3.889055224135518074e-03 -6.048443540930747986e-02 1.106853485107421875e-01 7.527624070644378662e-02 9.616059809923171997e-02 -1.286811530590057373e-01 7.811728864908218384e-02 -3.302841261029243469e-02 -9.393316507339477539e-02
5.993489921092987061e-02 5.157366022467613220e-02 2.804007008671760559e-02 -2.647259272634983063e-02 -1.751129142940044403e-02 8.790872059762477875e-03 2.976675033569335938e-01 4.402115475386381149e-03 3.274874016642570496e-02 5.797596648335456848e-02
-5.355822667479515076e-02 4.495049640536308289e-02 -1.510096341371536255e-02 5.939424782991409302e-02 3.964927420020103455e-02 5.811120197176933289e-02 -8.482800424098968506e-02 6.087007001042366028e-02 -5.087620113044977188e-03 -4.357693716883659363e-02
4.036290571093559265e-03 1.439169794321060181e-01 1.493029296398162842e-01 -3.075547516345977783e-02 -1.323509123176336288e-02 1.203659456223249435e-02 5.387004092335700989e-02 5.467617418617010117e-03 1.492761820554733276e-01 3.068785183131694794e-02
5.656901746988296509e-02 3.184751421213150024e-02 1.002220436930656433e-02 -5.711775738745927811e-03 2.797160996124148369e-03 3.816814627498388290e-03 4.377483204007148743e-02 2.615254931151866913e-02 4.990790504962205887e-03 4.382919371128082275e-01
