-4.604994188552327347e-04 5.049990619336790915e-03 3.640739267691764369e-02 1.597320557942996438e-03 1.135835108564941728e-02 4.334755873402628898e-03 3.466891348986540083e-02 1.141187020251952289e+00 2.305907047442908031e-01 -1.354842587496932812e-03
1.016614689875726049e-02 9.352023746335874632e-02 7.327611857584379607e-01 6.952504163730223452e-02 5.116290254723715458e-01 -3.257769902030969056e-05 2.284321116699243495e-04 2.202666942088207791e-02 8.751090236774851372e-02 -2.001046696846570279e-03
-4.870441622587767892e-04 4.420672644235847104e-02 6.948160257083292601e-02 -3.405858721532444358e-03 -8.398408125557144544e-04 9.410940983790655467e-01 3.558001180538725335e-03 1.704679233912682543e-02 -4.803721215453108859e-03 2.361132382561317421e-03
5.875827828677230441e-02 1.166082129723043703e+00 2.086454153249809110e-02 3.490338674325585977e-01 4.648049710357888387e+00 9.659085270535136658e+00 9.902492134211518859e+00 2.663964030960230475e-02 2.835327725101117746e-01 1.279765486468335649e-02
6.230018927077194846e+00 2.969792584959087378e+00 2.759896448491766519e-01 -4.957449264187188676e-03 6.429482672415789413e-01 -4.814341656011178732e-04 -1.641259018347725684e-04 -4.824934554967163711e-04 -4.998879049806182959e-03 -2.183287621815663531e-03
2.515899577107975384e-03 2.086477082487611656e-01 6.459678567911296930e-03 -2.663570534896079339e-03 5.439665031123046557e-01 8.353848150476369527e-01 8.476591433618666516e-01 -2.136473093539768657e-04 1.076322685752563804e-02 -1.362733973120509824e-03
8.386023798958379752e-03 8.266705192554772985e-01 3.046895391461374586e-02 -3.574334539434278254e-03 6.805728103053497735e-01 1.758143662594701881e-02 4.654861547265579363e-04 -4.383834130129138883e-04 3.014680577609170613e-03 1.205002141270020033e+00
5.104772467342130055e-02 3.290906723799046085e-02 -7.784885611684616113e-05 -3.622332275566591923e-03 1.421233795142140197e-02 8.315691944748735895e-04 1.456649912166688265e+00 2.002748605120852413e-02 3.493971616939021696e-01 5.721498569349130481e-01
2.145035568406965520e+00 9.194402843000428760e+00 1.275305829158051608e-02 4.892324875804100470e-01 1.958730282754125585e-01 2.515910418305697061e+00 4.752311842352858307e+00 1.785115549332195073e+00 1.184631046940992416e+00 9.853523178890440937e-01
-4.882907356871902605e-04 -5.015231937807896213e-04 -4.934309913804697930e-04 -4.963286711995956030e-03 -2.158075199467456191e-03 3.311482575186415200e+00 3.279974475612259965e+00 3.136738538675855614e-01 -4.998998837544439341e-03 1.094188183906005474e+00
