1.037945985794067383e+00 1.046470642089843750e+00 1.035915613174438477e+00 1.025546789169311523e+00 8.125696182250976562e-01 1.021898627281188965e+00 1.048889517784118652e+00 1.041771173477172852e+00 1.026339292526245117e+00 8.114200830459594727e-01 1.016217231750488281e+00 1.026828527450561523e+00 1.023988723754882812e+00 1.024270892143249512e+00 8.018846511840820312e-01
1.040418744087219238e+00 1.053396940231323242e+00 1.040843963623046875e+00 1.027923941612243652e+00 8.148408532142639160e-01 1.025802731513977051e+00 1.050886988639831543e+00 1.043310880661010742e+00 1.029290080070495605e+00 8.145449161529541016e-01 1.017509102821350098e+00 1.026640772819519043e+00 1.028698205947875977e+00 1.026272773742675781e+00 8.051148653030395508e-01
1.041652679443359375e+00 1.050817966461181641e+00 1.042016506195068359e+00 1.030635833740234375e+00 8.170462250709533691e-01 1.031192541122436523e+00 1.050940275192260742e+00 1.047232508659362793e+00 1.032277226448059082e+00 8.166237473487854004e-01 1.016798734664916992e+00 1.029739856719970703e+00 1.029160737991333008e+00 1.029148578643798828e+00 8.066672682762145996e-01
1.043270587921142578e+00 1.051640629768371582e+00 1.044486641883850098e+00 1.032332301139831543e+00 8.185392618179321289e-01 1.028756737709045410e+00 1.055790424346923828e+00 1.050460457801818848e+00 1.034101366996765137e+00 8.182477951049804688e-01 1.020228266716003418e+00 1.031521916389465332e+00 1.033046960830688477e+00 1.030801177024841309e+00 8.085294365882873535e-01
1.044721841812133789e+00 1.054105401039123535e+00 1.044909477233886719e+00 1.035490274429321289e+00 8.202744126319885254e-01 1.030665040016174316e+00 1.057895779609680176e+00 1.049151897430419922e+00 1.036135911941528320e+00 8.203590512275695801e-01 1.023611426353454590e+00 1.034769415855407715e+00 1.034527540206909180e+00 1.033352613449096680e+00 8.103700876235961914e-01
1.049543738365173340e+00 1.056680679321289062e+00 1.048375964164733887e+00 1.037137627601623535e+00 8.233687281608581543e-01 1.031888484954833984e+00 1.060108780860900879e+00 1.054074048995971680e+00 1.038916110992431641e+00 8.226881027221679688e-01 1.026889681816101074e+00 1.041233062744140625e+00 1.033803939819335938e+00 1.034933686256408691e+00 8.128481507301330566e-01
1.052564382553100586e+00 1.064008831977844238e+00 1.049429893493652344e+00 1.038771152496337891e+00 8.247361779212951660e-01 1.034593939781188965e+00 1.061686873435974121e+00 1.056034684181213379e+00 1.040324568748474121e+00 8.250346183776855469e-01 1.030441403388977051e+00 1.038418173789978027e+00 1.040663480758666992e+00 1.037836194038391113e+00 8.149108290672302246e-01
1.054080247879028320e+00 1.062639355659484863e+00 1.050403475761413574e+00 1.041061878204345703e+00 8.264503479003906250e-01 1.040422081947326660e+00 1.060588717460632324e+00 1.056488156318664551e+00 1.042448520660400391e+00 8.266896009445190430e-01 1.026390552520751953e+00 1.036311030387878418e+00 1.038313508033752441e+00 1.037882566452026367e+00 8.158982396125793457e-01
1.056886196136474609e+00 1.061705350875854492e+00 1.053617477416992188e+00 1.042822360992431641e+00 8.287401199340820312e-01 1.038280963897705078e+00 1.063974618911743164e+00 1.058117270469665527e+00 1.044381856918334961e+00 8.280315995216369629e-01 1.030581831932067871e+00 1.040872693061828613e+00 1.042935013771057129e+00 1.041297674179077148e+00 8.188694119453430176e-01
1.056787371635437012e+00 1.064830899238586426e+00 1.054533123970031738e+00 1.046064138412475586e+00 8.307239413261413574e-01 1.043043732643127441e+00 1.067014217376708984e+00 1.060274243354797363e+00 1.046623229980468750e+00 8.311710357666015625e-01 1.035544991493225098e+00 1.042756795883178711e+00 1.044642567634582520e+00 1.043807744979858398e+00 8.213456869125366211e-01
1.063501238822937012e+00 1.067687869071960449e+00 1.058396339416503906e+00 1.048067092895507812e+00 8.342846035957336426e-01 1.043911099433898926e+00 1.068563342094421387e+00 1.061534523963928223e+00 1.048607110977172852e+00 8.324047327041625977e-01 1.035064339637756348e+00 1.049642086029052734e+00 1.044360518455505371e+00 1.046024560928344727e+00 8.233298659324645996e-01
1.067825675010681152e+00 1.069524645805358887e+00 1.062381386756896973e+00 1.049523234367370605e+00 8.355602622032165527e-01 1.048134922981262207e+00 1.071394681930541992e+00 1.064847946166992188e+00 1.051367521286010742e+00 8.354325294494628906e-01 1.039213776588439941e+00 1.047600984573364258e+00 1.048930883407592773e+00 1.048110485076904297e+00 8.255569934844970703e-01
1.071403026580810547e+00 1.071969389915466309e+00 1.062549471855163574e+00 1.052408576011657715e+00 8.362833261489868164e-01 1.048608779907226562e+00 1.073699951171875000e+00 1.065293192863464355e+00 1.053666949272155762e+00 8.378463983535766602e-01 1.038161039352416992e+00 1.047234535217285156e+00 1.049722790718078613e+00 1.049874067306518555e+00 8.272436261177062988e-01
1.073525071144104004e+00 1.073368787765502930e+00 1.064970612525939941e+00 1.053072929382324219e+00 8.396546244621276855e-01 1.049080967903137207e+00 1.076950550079345703e+00 1.068521857261657715e+00 1.054721713066101074e+00 8.386897444725036621e-01 1.041537404060363770e+00 1.053048253059387207e+00 1.052089095115661621e+00 1.051571607589721680e+00 8.295087814331054688e-01
1.077313423156738281e+00 1.076139807701110840e+00 1.065677165985107422e+00 1.055239915847778320e+00 8.412818312644958496e-01 1.050847768783569336e+00 1.075801014900207520e+00 1.071773886680603027e+00 1.056882858276367188e+00 8.411055207252502441e-01 1.044531226158142090e+00 1.055167436599731445e+00 1.054919004440307617e+00 1.053708434104919434e+00 8.312176465988159180e-01
