9.102782607078552246e-01 9.648313522338867188e-01 9.780314564704895020e-01 1.067742586135864258e+00 1.043860554695129395e+00 9.774349331855773926e-01 8.608491420745849609e-01 9.346830844879150391e-01 1.061985850334167480e+00 1.030719399452209473e+00
8.939608931541442871e-01 9.721887707710266113e-01 9.985974431037902832e-01 1.062719225883483887e+00 1.050848126411437988e+00 1.001565933227539062e+00 8.694752454757690430e-01 9.137435555458068848e-01 1.057038307189941406e+00 1.033440351486206055e+00
8.956744074821472168e-01 9.778850674629211426e-01 9.991196393966674805e-01 1.067772865295410156e+00 1.055372476577758789e+00 9.936041831970214844e-01 8.738389611244201660e-01 9.232282042503356934e-01 1.070635795593261719e+00 1.014070630073547363e+00
9.002454280853271484e-01 9.698783755302429199e-01 9.794027209281921387e-01 1.126472115516662598e+00 1.082453370094299316e+00 9.901779294013977051e-01 8.720598816871643066e-01 9.434460997581481934e-01 1.054817438125610352e+00 1.037205100059509277e+00
9.079179763793945312e-01 9.735903143882751465e-01 9.875288605690002441e-01 1.079752087593078613e+00 1.080760121345520020e+00 9.988161921501159668e-01 8.757392764091491699e-01 9.395909309387207031e-01 1.073820829391479492e+00 1.026523590087890625e+00
9.076712727546691895e-01 9.745099544525146484e-01 9.939943552017211914e-01 1.107755422592163086e+00 1.068655133247375488e+00 1.003035902976989746e+00 8.848166465759277344e-01 9.240861535072326660e-01 1.069257259368896484e+00 1.029778599739074707e+00
9.332871437072753906e-01 9.822295904159545898e-01 9.935032129287719727e-01 1.084934353828430176e+00 1.062985539436340332e+00 1.003456950187683105e+00 8.528711795806884766e-01 9.261027574539184570e-01 1.071375131607055664e+00 1.036515593528747559e+00
9.198760986328125000e-01 9.858830571174621582e-01 1.007706880569458008e+00 1.085147619247436523e+00 1.069580435752868652e+00 1.004791140556335449e+00 8.741697669029235840e-01 9.102882742881774902e-01 1.064664363861083984e+00 1.065265774726867676e+00
9.117972254753112793e-01 9.824445843696594238e-01 1.000563740730285645e+00 1.092118620872497559e+00 1.077702164649963379e+00 9.935094714164733887e-01 8.815044760704040527e-01 9.423346519470214844e-01 1.090341210365295410e+00 1.042765378952026367e+00
9.152484536170959473e-01 9.814983010292053223e-01 1.001412749290466309e+00 1.096770644187927246e+00 1.100869297981262207e+00 1.004244565963745117e+00 8.937433362007141113e-01 9.481227993965148926e-01 1.053367495536804199e+00 1.077604532241821289e+00
