-1.314678937196731567e-01 2.714868262410163879e-02 2.712533175945281982e-01 2.444116771221160889e-01 4.843123629689216614e-02 4.485924541950225830e-01 1.684923619031906128e-01 2.173022553324699402e-02 -7.656543049961328506e-03 1.171928644180297852e-01
-2.930335886776447296e-02 1.314319968223571777e-01 -2.577310562133789062e+00 2.167310863733291626e-01 -2.227559313178062439e-02 1.339851766824722290e-01 8.930136263370513916e-02 1.743669994175434113e-02 3.509084228426218033e-03 1.365717053413391113e-01
-7.603414705954492092e-04 2.115696115652099252e-04 -2.945797704160213470e-02 3.007657360285520554e-04 -8.099822298390790820e-05 5.257612210698425770e-04 2.180630981456488371e-04 3.953388659283518791e-05 -7.674672087887302041e-05 3.590801788959652185e-04
2.577230036258697510e-01 9.322830289602279663e-02 -3.875828683376312256e-01 1.753865741193294525e-02 1.039770990610122681e-01 1.115701720118522644e-01 8.726695924997329712e-02 4.583052173256874084e-02 4.672652110457420349e-03 8.294685184955596924e-02
-5.271207541227340698e-02 1.101306639611721039e-02 1.885472297668457031e+00 -7.138615939766168594e-03 2.098921500146389008e-02 2.438423410058021545e-02 2.476409310474991798e-03 -9.241327643394470215e-04 -5.503794527612626553e-04 9.866041131317615509e-03
5.820563435554504395e-02 3.641441836953163147e-02 7.601957023143768311e-02 9.974956512451171875e-02 -5.604106467217206955e-03 1.837680786848068237e-01 4.887180030345916748e-02 2.341629704460501671e-03 7.496266812086105347e-02 3.961452469229698181e-02
1.967207789421081543e-01 -3.336784243583679199e-02 6.590479612350463867e-01 1.802460998296737671e-01 -4.843869432806968689e-02 3.690370321273803711e-01 -2.402368374168872833e-02 -1.996588334441184998e-02 1.712141558527946472e-02 -4.077746532857418060e-03
-5.840148031711578369e-02 -1.120538357645273209e-02 3.968388319015502930e+00 -2.893839776515960693e-02 7.386040873825550079e-03 5.184502154588699341e-02 -9.602949954569339752e-03 6.079944223165512085e-02 1.475942507386207581e-02 3.277527634054422379e-03
-2.196143716573715210e-01 -1.405288814567029476e-03 3.118408024311065674e-01 1.696101948618888855e-02 -2.395218051970005035e-02 1.281111985445022583e-01 3.892507404088973999e-02 -3.652200847864151001e-02 -1.412628497928380966e-02 7.645764946937561035e-02
1.051262393593788147e-01 -4.987401887774467468e-02 -4.426950812339782715e-01 2.110427245497703552e-02 -9.761832654476165771e-02 1.621840596199035645e-01 -3.220538794994354248e-02 -8.228483051061630249e-02 -8.900297805666923523e-03 -9.765937179327011108e-02
