9.619020223617553711e-01 1.096154570579528809e+00 1.004090309143066406e+00 9.287720322608947754e-01 1.205601215362548828e+00 8.673842549324035645e-01 9.411560893058776855e-01 1.183129429817199707e+00 1.086598157882690430e+00 1.008056640625000000e+00
9.638716578483581543e-01 1.098176360130310059e+00 1.011994123458862305e+00 9.307653903961181641e-01 1.208021521568298340e+00 8.693984150886535645e-01 9.430921673774719238e-01 1.185166358947753906e+00 1.088252067565917969e+00 1.010298609733581543e+00
9.653847813606262207e-01 1.099914789199829102e+00 1.016195535659790039e+00 9.322825670242309570e-01 1.209970593452453613e+00 8.710214495658874512e-01 9.447052478790283203e-01 1.186351060867309570e+00 1.090160727500915527e+00 1.011876821517944336e+00
9.668191671371459961e-01 1.101146101951599121e+00 1.018995881080627441e+00 9.336218833923339844e-01 1.210773229598999023e+00 8.723133206367492676e-01 9.459767341613769531e-01 1.188050985336303711e+00 1.091595172882080078e+00 1.013143539428710938e+00
9.681637287139892578e-01 1.102541565895080566e+00 1.015684843063354492e+00 9.349644780158996582e-01 1.211921334266662598e+00 8.736379146575927734e-01 9.474096894264221191e-01 1.189426660537719727e+00 1.092742443084716797e+00 1.014414310455322266e+00
9.694591164588928223e-01 1.103736877441406250e+00 1.017308712005615234e+00 9.362277388572692871e-01 1.213328361511230469e+00 8.747677803039550781e-01 9.486076831817626953e-01 1.190871119499206543e+00 1.093847513198852539e+00 1.015606880187988281e+00
9.711550474166870117e-01 1.105293512344360352e+00 1.020485877990722656e+00 9.378402233123779297e-01 1.214644074440002441e+00 8.764638304710388184e-01 9.502783417701721191e-01 1.192337512969970703e+00 1.095646739006042480e+00 1.017306804656982422e+00
9.721118807792663574e-01 1.106362223625183105e+00 1.017935633659362793e+00 9.388609528541564941e-01 1.215831518173217773e+00 8.775068521499633789e-01 9.512965679168701172e-01 1.193203330039978027e+00 1.096772074699401855e+00 1.018455624580383301e+00
9.734601974487304688e-01 1.107878684997558594e+00 1.024560332298278809e+00 9.401832818984985352e-01 1.217898726463317871e+00 8.788390755653381348e-01 9.525798559188842773e-01 1.194456458091735840e+00 1.097910761833190918e+00 1.019696354866027832e+00
9.753407835960388184e-01 1.109412789344787598e+00 1.027650952339172363e+00 9.420728087425231934e-01 1.218833088874816895e+00 8.805688023567199707e-01 9.544201493263244629e-01 1.196104407310485840e+00 1.099472522735595703e+00 1.021428585052490234e+00
