2.034107595682144165e-02 -1.287721004337072372e-02 -3.700932487845420837e-02 3.399680554866790771e-02 -2.468779217451810837e-03 2.933070762082934380e-03 -7.064064033329486847e-03 3.021665848791599274e-02 2.743646129965782166e-02 3.133719041943550110e-02 -1.220459584146738052e-02 -1.186709199100732803e-02 1.911897212266921997e-02 2.101260796189308167e-02 -1.261864323168992996e-02
5.327460914850234985e-02 1.906084944494068623e-03 -4.771598801016807556e-02 1.986393518745899200e-02 -2.237225882709026337e-02 2.346118167042732239e-02 -1.625249348580837250e-02 5.252385884523391724e-02 2.161752898246049881e-03 5.451544374227523804e-02 -3.013903973624110222e-03 -3.026280552148818970e-02 3.232955234125256538e-03 2.350706793367862701e-02 2.919127000495791435e-03
9.132961183786392212e-02 -5.043012276291847229e-02 -4.597529023885726929e-02 1.486941054463386536e-02 -2.334596402943134308e-02 4.805844218935817480e-04 -1.683900505304336548e-02 2.708512544631958008e-02 1.640767976641654968e-02 3.746176511049270630e-02 -9.708846919238567352e-03 -2.870128676295280457e-02 2.679404104128479958e-03 1.038834266364574432e-02 -1.012332271784543991e-02
7.834098339080810547e-01 2.533496916294097900e-01 -5.391631647944450378e-02 -9.231504797935485840e-01 4.255041778087615967e-01 -1.849543005228042603e-01 1.750007569789886475e-01 -4.590405523777008057e-01 5.309088230133056641e-01 6.752420067787170410e-01 -4.063472151756286621e-01 3.194632530212402344e-01 1.248492673039436340e-01 3.948411643505096436e-01 5.797100067138671875e-01
3.924618661403656006e-01 -2.992083430290222168e-01 -2.140595614910125732e-01 1.967355608940124512e-01 -8.648079037666320801e-01 1.282079368829727173e-01 -7.590612769126892090e-02 -1.327455788850784302e-02 1.759283542633056641e-01 2.166411429643630981e-01 2.682489156723022461e-01 1.150053963065147400e-01 -1.338509609922766685e-03 2.137646675109863281e-01 2.265938669443130493e-01
8.078036457300186157e-02 5.440380796790122986e-02 -1.312709506601095200e-02 1.418550149537622929e-03 3.749696537852287292e-02 1.888770610094070435e-02 -2.010509558022022247e-02 -2.947210147976875305e-02 3.377971425652503967e-02 -7.079371809959411621e-02 -1.118906065821647644e-01 -2.957966364920139313e-02 1.019657496362924576e-02 6.604592502117156982e-02 -3.132365643978118896e-02
8.270656317472457886e-02 -4.321430344134569168e-03 -3.123242966830730438e-02 2.021014690399169922e-02 -2.691171877086162567e-02 -2.319061383605003357e-02 -3.195770829916000366e-02 -4.959020763635635376e-02 7.856939919292926788e-03 -1.656155101954936981e-02 -2.390599623322486877e-02 -1.300390157848596573e-02 7.858194410800933838e-03 3.068736754357814789e-02 1.881553977727890015e-02
3.440877422690391541e-02 5.212543904781341553e-02 1.495455112308263779e-02 -4.904387984424829483e-03 1.066274009644985199e-02 -1.010453514754772186e-02 -3.641481325030326843e-02 -3.457160592079162598e-01 4.025090485811233521e-02 -3.577156737446784973e-02 -1.408497616648674011e-02 5.727989226579666138e-02 3.178190067410469055e-02 2.618249505758285522e-02 7.912645488977432251e-02
6.765450239181518555e-01 1.227784380316734314e-01 2.598403990268707275e-01 3.681451380252838135e-01 4.157835245132446289e-01 4.077281653881072998e-01 3.246918320655822754e-01 3.585582077503204346e-01 -7.877406477928161621e-01 4.134680628776550293e-01 5.726779699325561523e-01 2.031327970325946808e-02 2.058482468128204346e-01 4.151469171047210693e-01 4.168534278869628906e-01
4.931601285934448242e-01 6.365051269531250000e-01 3.183463513851165771e-01 3.755970001220703125e-01 2.826392650604248047e-01 -1.043281182646751404e-01 1.428075730800628662e-01 -2.780360877513885498e-01 3.207891881465911865e-01 -1.588760256767272949e+00 -3.657881021499633789e-01 2.539474964141845703e-01 1.177502423524856567e-01 2.094652801752090454e-01 5.163030698895454407e-02
6.025430932641029358e-02 6.044969335198402405e-02 -3.560492396354675293e-02 -9.485106565989553928e-04 6.444185972213745117e-02 -8.152916282415390015e-02 -1.774224452674388885e-02 1.922430656850337982e-02 1.009361371397972107e-01 -5.499342456459999084e-02 -1.581033766269683838e-01 -9.125377982854843140e-03 1.711435802280902863e-02 3.463725000619888306e-02 -1.043896302580833435e-01
1.338496059179306030e-01 -3.934437036514282227e-02 -4.349268972873687744e-02 3.372406214475631714e-02 1.317456178367137909e-02 -7.348965853452682495e-03 -4.608978342730551958e-04 8.980971574783325195e-02 -6.651810370385646820e-03 5.154504254460334778e-02 -4.281613510102033615e-03 -8.796049654483795166e-02 6.462974939495325089e-03 4.879047721624374390e-02 -1.124197989702224731e-01
1.026946213096380234e-02 4.269877448678016663e-03 -2.801813557744026184e-02 2.632293477654457092e-02 4.980490729212760925e-02 -7.148148026317358017e-03 4.709534347057342529e-03 5.168740451335906982e-02 2.287212386727333069e-02 4.047514125704765320e-02 -3.288971632719039917e-02 -2.323178388178348541e-02 2.075846306979656219e-02 2.832770533859729767e-02 -4.440464079380035400e-02
6.860983371734619141e-01 -2.829141914844512939e-02 3.872491419315338135e-02 3.538430035114288330e-01 3.284544050693511963e-01 5.119750499725341797e-01 1.887746006250381470e-01 3.489185273647308350e-01 3.076682984828948975e-01 4.079105257987976074e-01 5.945360660552978516e-01 6.697589159011840820e-01 1.440594792366027832e-01 -8.129685521125793457e-01 2.763147354125976562e-01
5.162428021430969238e-01 1.191693916916847229e-01 3.133258968591690063e-02 2.234158068895339966e-01 3.202118277549743652e-01 3.235338255763053894e-02 2.249531000852584839e-01 6.849825382232666016e-01 2.624571919441223145e-01 1.451406776905059814e-01 -2.758544087409973145e-01 -2.907809913158416748e-01 3.918015211820602417e-02 1.788090914487838745e-01 -1.313385605812072754e+00
