3.033552111111972871e-01 0.000000000000000000e+00 7.529562628205657693e-03 1.150967837172780645e-01 3.548937961080796955e-01 0.000000000000000000e+00 2.208397472042167853e-01 6.398296061099600918e-02 3.309653662415866227e-01 2.565411750206961217e-01
0.000000000000000000e+00 3.594494112212157644e-01 3.668275867674275492e-01 5.806660177937715550e-02 3.056978066405205419e-01 0.000000000000000000e+00 7.462529024026948177e-02 1.679053426298587545e-02 0.000000000000000000e+00 0.000000000000000000e+00
0.000000000000000000e+00 0.000000000000000000e+00 4.377817332978407583e-01 4.540819524052532030e-02 2.750398349682396937e-01 0.000000000000000000e+00 4.805164827629566232e-02 1.739181191939941085e-01 5.582480283944049049e-01 0.000000000000000000e+00
3.904812885273049872e-03 0.000000000000000000e+00 0.000000000000000000e+00 2.863998795074704229e-01 2.180965061667957949e-01 3.892114053373298133e-02 7.639472981202374358e-04 3.239810556772143232e-03 0.000000000000000000e+00 8.343020493565164036e-03
1.393442688830742043e-02 5.591168446451560275e-03 2.131217007659775772e-02 3.809580820699510215e-04 2.598506111289614062e-01 3.369490632441975251e-03 0.000000000000000000e+00 4.088598989957682381e-03 8.432048210925918719e-02 3.000729086878108597e-03
3.825803730096462470e-03 2.120743033014814774e-02 2.761446175755935886e-02 4.470558062399426769e-01 2.481202893519458275e-01 7.202798123451578660e-02 4.710758152417498373e-02 1.112211090484794759e-02 0.000000000000000000e+00 0.000000000000000000e+00
1.113095135672083347e-01 1.124490339560010876e-02 0.000000000000000000e+00 2.512196868189180143e-02 2.499311575023407395e-01 1.227676332070212067e-02 1.155102404857189374e-01 1.811091428762640759e-02 0.000000000000000000e+00 6.007314409128540651e-03
5.616404705866336056e-02 9.334675534123428389e-03 9.172889568418742673e-03 3.790463780378841574e-02 2.575590041876077430e-01 6.837540430703406558e-03 7.711811295467253802e-02 6.430973300942302573e-02 2.906627073148184727e-03 2.447303979973002377e-02
3.128356978790589049e-02 0.000000000000000000e+00 4.776323471738246756e-02 3.350426880032716936e-02 2.997292334481363452e-01 3.726729440340620977e-03 3.745220012725716807e-02 3.945996706786299851e-03 3.279030249846826561e-01 3.468769845703982991e-03
0.000000000000000000e+00 0.000000000000000000e+00 0.000000000000000000e+00 1.205379283012125019e-02 2.109065782455507854e-01 3.554988269242027182e-02 0.000000000000000000e+00 0.000000000000000000e+00 0.000000000000000000e+00 6.433318483975832835e-01
