3.389768004417419434e-01 2.745419144630432129e-01 2.497412264347076416e-01 3.377483487129211426e-01 2.172438949346542358e-01 1.518039405345916748e-01 -6.646161079406738281e-01 1.417280584573745728e-01 2.507042288780212402e-01 1.829297393560409546e-01
1.021655052900314331e-01 -4.786444902420043945e-01 -7.770442962646484375e-01 3.431928753852844238e-01 1.895181983709335327e-01 8.697548508644104004e-02 2.041281312704086304e-01 7.038183510303497314e-02 9.300004690885543823e-02 1.636697649955749512e-01
1.138807274401187897e-04 2.212412073276937008e-05 -2.060843398794531822e-04 1.364713243674486876e-04 5.434679042082279921e-05 -8.973103831522166729e-05 8.064552093856036663e-05 4.475053719943389297e-05 -9.033548849401995540e-05 -8.390005677938461304e-05
1.684119403362274170e-01 1.252060383558273315e-01 -1.493408381938934326e-01 -4.692485928535461426e-01 1.052175909280776978e-01 1.939419060945510864e-01 3.081243038177490234e-01 4.379359632730484009e-02 2.029437571763992310e-01 1.431661695241928101e-01
5.156757310032844543e-03 -5.040707183070480824e-04 -1.990977860987186432e-02 1.455163676291704178e-02 8.298031054437160492e-03 -7.023919839411973953e-03 3.596845315769314766e-03 9.627746418118476868e-03 -3.663235809653997421e-03 -8.418948855251073837e-04
1.767397522926330566e-01 2.974136769771575928e-01 -5.443493723869323730e-01 3.525716438889503479e-02 1.610057204961776733e-01 -4.193015098571777344e-01 2.641288936138153076e-01 1.082120537757873535e-01 1.288444697856903076e-01 -1.402943581342697144e-02
4.492241144180297852e-01 3.192541301250457764e-01 5.144594907760620117e-01 5.279883742332458496e-01 2.510057091712951660e-01 3.159899711608886719e-01 -1.150353074073791504e+00 1.862886548042297363e-01 2.600857615470886230e-01 2.219119071960449219e-01
9.995360858738422394e-03 9.700653143227100372e-03 -1.666983030736446381e-02 2.360285259783267975e-02 1.512306649237871170e-02 -3.733914345502853394e-02 4.242075141519308090e-03 9.741152822971343994e-02 -1.248402055352926254e-02 -1.098329015076160431e-02
3.084368258714675903e-02 -1.303176581859588623e-02 -3.132765889167785645e-01 9.381137788295745850e-02 2.297708578407764435e-02 -4.243087768554687500e-02 6.221531331539154053e-02 3.429951891303062439e-02 -1.252187639474868774e-01 3.255126997828483582e-02
5.653567612171173096e-02 8.874055743217468262e-02 -4.501272737979888916e-01 7.035179436206817627e-02 1.768708415329456329e-02 -7.749889045953750610e-02 2.269598543643951416e-01 1.258972939103841782e-02 -1.851055324077606201e-01 -1.654308438301086426e-01
