8.919935673475265503e-03 1.025211997330188751e-02 1.147269550710916519e-02 7.217979524284601212e-03 4.573752172291278839e-03 1.989334076642990112e-02 2.325589582324028015e-02 1.134029868990182877e-02 6.138959433883428574e-03 1.109050773084163666e-02 6.098076701164245605e-03 5.938422400504350662e-03 4.490746185183525085e-03 6.296297069638967514e-03 1.435953541658818722e-03
8.763138204813003540e-03 1.128988340497016907e-02 1.237090583890676498e-02 7.151588797569274902e-03 5.251507740467786789e-03 1.126757077872753143e-02 1.722833514213562012e-02 1.042501814663410187e-02 5.906930193305015564e-03 6.330055184662342072e-03 1.374058891087770462e-02 1.439195871353149414e-02 9.048251435160636902e-03 7.192851509898900986e-03 6.204746197909116745e-03
6.940911058336496353e-03 7.633212953805923462e-03 1.036338601261377335e-02 6.337939295917749405e-03 3.205233253538608551e-03 2.581666782498359680e-02 2.981408126652240753e-02 1.202479097992181778e-02 5.079120863229036331e-03 1.352647878229618073e-02 1.141762174665927887e-02 1.218609884381294250e-02 6.965101230889558792e-03 5.754065699875354767e-03 4.710467997938394547e-03
4.360708966851234436e-02 8.340977132320404053e-02 5.209570378065109253e-02 4.623616859316825867e-02 3.273982927203178406e-02 4.806159809231758118e-02 1.511528491973876953e-01 5.180547758936882019e-02 3.750090301036834717e-02 3.814753890037536621e-02 5.472711473703384399e-02 5.064373090863227844e-02 1.584337279200553894e-02 4.079421982169151306e-02 1.524851936846971512e-02
8.200982213020324707e-01 8.272137045860290527e-01 2.175025343894958496e-01 -8.408776670694351196e-02 3.757794201374053955e-01 -2.465176135301589966e-01 -1.402996182441711426e-01 -2.406989922747015953e-03 -1.115999147295951843e-01 -1.725937724113464355e-01 -3.761251270771026611e-02 -3.602467942982912064e-03 -5.381303653120994568e-02 -9.182094037532806396e-02 -9.722763299942016602e-02
6.365303881466388702e-03 1.145106740295886993e-02 1.185488700866699219e-02 6.924700923264026642e-03 6.959863472729921341e-03 1.041337661445140839e-02 2.775388211011886597e-02 1.168485917150974274e-02 5.543365608900785446e-03 7.776010315865278244e-03 1.701469160616397858e-02 1.619954593479633331e-02 9.764510206878185272e-03 6.678034551441669464e-03 7.995438762009143829e-03
8.118956349790096283e-03 1.502796635031700134e-02 1.185404788702726364e-02 9.589269757270812988e-03 5.878818221390247345e-03 -1.328401267528533936e-03 1.433848030865192413e-02 9.628088213503360748e-03 8.619341067969799042e-03 6.938292644917964935e-04 9.220831096172332764e-03 1.042964123189449310e-02 8.059107698500156403e-03 9.215212427079677582e-03 3.889008890837430954e-03
1.661169901490211487e-02 2.102035470306873322e-02 1.304234843701124191e-02 5.260315723717212677e-03 8.475001901388168335e-03 4.025521688163280487e-03 1.900513470172882080e-02 9.329512715339660645e-03 3.871505614370107651e-03 2.759396331384778023e-03 1.921110972762107849e-02 1.970735751092433929e-02 1.048050355166196823e-02 5.375694949179887772e-03 9.071727283298969269e-03
4.624271020293235779e-02 4.425657168030738831e-02 6.483616679906845093e-02 3.725463896989822388e-02 2.371129766106605530e-02 7.235596328973770142e-02 6.438244134187698364e-02 5.387880280613899231e-02 3.245792537927627563e-02 3.848824277520179749e-02 2.967726625502109528e-02 3.191675990819931030e-02 3.739368543028831482e-02 3.452224656939506531e-02 1.266837958246469498e-02
-6.280168145895004272e-02 -1.036945953965187073e-01 1.945902593433856964e-02 -6.415882147848606110e-03 -1.491480320692062378e-02 8.565206527709960938e-01 9.059602618217468262e-01 1.617800444364547729e-01 -1.956978067755699158e-02 5.054216384887695312e-01 9.795059449970722198e-03 -1.280808728188276291e-02 -7.242615334689617157e-03 -1.939993537962436676e-02 -1.589593663811683655e-02
7.638266310095787048e-03 1.137020252645015717e-02 1.097917184233665466e-02 6.375387776643037796e-03 4.424058832228183746e-03 7.906300947070121765e-03 1.949109509587287903e-02 9.889394044876098633e-03 5.371848586946725845e-03 5.113690625876188278e-03 1.090202201157808304e-02 1.248410250991582870e-02 9.030988439917564392e-03 6.507546175271272659e-03 5.305217113345861435e-03
1.253158040344715118e-02 1.622321270406246185e-02 1.244617532938718796e-02 6.172018125653266907e-03 7.813448086380958557e-03 1.064295507967472076e-02 2.193991281092166901e-02 1.005146838724613190e-02 4.775117617100477219e-03 6.514801178127527237e-03 1.221473235636949539e-02 1.235482096672058105e-02 6.658482365310192108e-03 5.971077829599380493e-03 4.714787937700748444e-03
1.075616013258695602e-02 1.496949419379234314e-02 1.087233424186706543e-02 5.810692906379699707e-03 6.334619130939245224e-03 5.765714216977357864e-03 1.987209729850292206e-02 8.815622888505458832e-03 4.831180442124605179e-03 4.060727078467607498e-03 9.861110709607601166e-03 1.148687023669481277e-02 6.845651660114526749e-03 5.994232837110757828e-03 4.744714591652154922e-03
6.643462181091308594e-02 1.040305569767951965e-01 5.867015942931175232e-02 4.548158869147300720e-02 2.856009267270565033e-02 8.329805731773376465e-02 1.829843521118164062e-01 6.400589644908905029e-02 3.885728493332862854e-02 4.854680597782135010e-02 1.101863756775856018e-01 1.110767796635627747e-01 4.042305052280426025e-02 4.682430252432823181e-02 4.592962190508842468e-02
1.852195709943771362e-02 1.699739322066307068e-02 6.344991852529346943e-04 -3.584654256701469421e-02 -2.393414452672004700e-02 1.881062984466552734e-02 5.017221719026565552e-02 2.475660527125000954e-03 -4.029935970902442932e-02 -4.916500300168991089e-03 7.847187519073486328e-01 7.291023135185241699e-01 2.121630162000656128e-01 -1.263972092419862747e-02 4.869807660579681396e-01
