2.610614163759393813e-01 3.878774459931498553e-02 8.981027842409191608e-01 2.070728955939275251e-01 7.862647897540557818e-01 4.157246538430806049e-02 2.026671842099577181e-01 5.363143601695827822e-01 2.849175639607224308e-01 1.503035743063274865e-01
1.212723739474217202e-02 2.680646163600666210e-01 8.981060526442361525e-01 1.438286845028672878e-01 8.132061109624841855e-01 1.072798666118811479e-02 0.000000000000000000e+00 5.378275658821061178e-01 2.812130213656386379e-01 1.372501263313550823e-01
0.000000000000000000e+00 0.000000000000000000e+00 8.980180634048522403e-01 0.000000000000000000e+00 7.680217260733609441e-01 0.000000000000000000e+00 0.000000000000000000e+00 4.832455487294213814e-01 1.929306925142617590e-01 1.874356043328697513e-02
2.827170115306461284e-02 3.055551848865693115e-02 8.980393086049132112e-01 3.242819705415030396e-01 7.837961923090596139e-01 1.517192692515668406e-01 1.686478750782123212e-02 5.355140796503077283e-01 2.866154789362560518e-01 1.543406848871933523e-01
0.000000000000000000e+00 0.000000000000000000e+00 8.980160882080726603e-01 0.000000000000000000e+00 7.711257446296271301e-01 0.000000000000000000e+00 0.000000000000000000e+00 4.913011894014998604e-01 2.059621075143703295e-01 3.558487614544418587e-02
4.752629341656412071e-02 3.296820386296234889e-02 8.980653568376582019e-01 4.366018357571450209e-02 7.869009708964258554e-01 7.585744730963633886e-02 6.176008062873198506e-02 5.396619601871753824e-01 2.969124777386256131e-01 1.721640414256464802e-01
3.847113407983981936e-01 7.413114409701888896e-03 8.980704532405248131e-01 6.304537534023760270e-02 7.829001139743519966e-01 3.480260705939776378e-02 1.666624109681103527e-01 5.255760696983230451e-01 2.648025557211849956e-01 1.265295442164968420e-01
0.000000000000000000e+00 0.000000000000000000e+00 8.980543224098682664e-01 0.000000000000000000e+00 7.759497399483261670e-01 0.000000000000000000e+00 0.000000000000000000e+00 5.728785513829051101e-01 2.337824373859304083e-01 7.030747373155599167e-02
0.000000000000000000e+00 0.000000000000000000e+00 8.980455718637233575e-01 0.000000000000000000e+00 7.824032361510740996e-01 0.000000000000000000e+00 0.000000000000000000e+00 5.235418685839139386e-01 3.012129940144910867e-01 2.673052640494981147e-01
9.455241722402345922e-03 2.079226224386159384e-03 8.980151044363489099e-01 1.585285801157666416e-02 7.857733461921687645e-01 4.171775535303134247e-02 1.161834720078118097e-02 5.337408622387226353e-01 2.893712987085228505e-01 1.644082598192927180e-01
