9.792407155036926270e-01 1.053967833518981934e+00 1.035441994667053223e+00 1.013722419738769531e+00 7.838544845581054688e-01 1.022200822830200195e+00 1.023853182792663574e+00 9.723901152610778809e-01 1.009495139122009277e+00 7.890151143074035645e-01
1.001083493232727051e+00 1.032074213027954102e+00 1.025196433067321777e+00 1.024985909461975098e+00 7.917205691337585449e-01 1.003286719322204590e+00 1.007173776626586914e+00 9.906880855560302734e-01 1.018818259239196777e+00 7.987710833549499512e-01
9.963152408599853516e-01 1.030686974525451660e+00 1.025853991508483887e+00 1.026621103286743164e+00 7.982442378997802734e-01 9.864634275436401367e-01 1.026065468788146973e+00 1.015284299850463867e+00 1.028281092643737793e+00 7.947210073471069336e-01
1.027483820915222168e+00 1.043031573295593262e+00 1.045248031616210938e+00 1.021324396133422852e+00 8.168064355850219727e-01 1.052106380462646484e+00 1.050189733505249023e+00 1.035494565963745117e+00 1.014841437339782715e+00 7.956911921501159668e-01
1.046405196189880371e+00 1.037152409553527832e+00 1.026199221611022949e+00 1.026886105537414551e+00 8.211975097656250000e-01 1.007433772087097168e+00 1.023865938186645508e+00 1.048107862472534180e+00 1.022648334503173828e+00 8.031906485557556152e-01
9.925834536552429199e-01 1.028867244720458984e+00 1.050510406494140625e+00 1.032539129257202148e+00 8.060536980628967285e-01 1.050680279731750488e+00 1.046517252922058105e+00 9.803124070167541504e-01 1.036870718002319336e+00 8.091154694557189941e-01
1.033795237541198730e+00 1.052669405937194824e+00 1.032558679580688477e+00 1.041918039321899414e+00 8.149664402008056641e-01 1.026574730873107910e+00 1.034922361373901367e+00 1.015092015266418457e+00 1.036954522132873535e+00 7.999110221862792969e-01
1.021531343460083008e+00 1.062442779541015625e+00 1.049726605415344238e+00 1.043391823768615723e+00 8.097381591796875000e-01 1.027993083000183105e+00 1.034152865409851074e+00 1.016048431396484375e+00 1.039836525917053223e+00 8.143882751464843750e-01
1.010003089904785156e+00 1.031554341316223145e+00 1.070697426795959473e+00 1.033596873283386230e+00 8.387995362281799316e-01 1.072094917297363281e+00 1.062185168266296387e+00 1.042408108711242676e+00 1.041304111480712891e+00 8.175790309906005859e-01
1.064632058143615723e+00 1.064313411712646484e+00 1.060728192329406738e+00 1.041963577270507812e+00 8.251993656158447266e-01 1.119236469268798828e+00 1.109349608421325684e+00 1.070868253707885742e+00 1.043700218200683594e+00 8.212060332298278809e-01
