9.098151922225952148e-01 9.633075594902038574e-01 9.796051979064941406e-01 1.067490339279174805e+00 1.043650150299072266e+00 9.757932424545288086e-01 8.581317663192749023e-01 9.357025623321533203e-01 1.065681934356689453e+00 1.032276153564453125e+00
8.941479325294494629e-01 9.693076014518737793e-01 1.000226736068725586e+00 1.061796426773071289e+00 1.052872538566589355e+00 1.004144191741943359e+00 8.690677285194396973e-01 9.134610891342163086e-01 1.055665731430053711e+00 1.033891439437866211e+00
8.931872844696044922e-01 9.800525903701782227e-01 1.000100016593933105e+00 1.068840861320495605e+00 1.050942182540893555e+00 9.970516562461853027e-01 8.691891431808471680e-01 9.204358458518981934e-01 1.075322151184082031e+00 1.012856602668762207e+00
9.008065462112426758e-01 9.791715145111083984e-01 9.800511002540588379e-01 1.122641682624816895e+00 1.076916813850402832e+00 9.894703030586242676e-01 8.673304915428161621e-01 9.374592900276184082e-01 1.054032325744628906e+00 1.035621523857116699e+00
9.097946882247924805e-01 9.733735322952270508e-01 9.875938892364501953e-01 1.078170657157897949e+00 1.076290488243103027e+00 9.975976943969726562e-01 8.823615908622741699e-01 9.399667382240295410e-01 1.068188071250915527e+00 1.029309630393981934e+00
9.103298187255859375e-01 9.780589938163757324e-01 9.917275905609130859e-01 1.109007477760314941e+00 1.066204786300659180e+00 1.002117276191711426e+00 8.867190480232238770e-01 9.242163896560668945e-01 1.066006660461425781e+00 1.026499986648559570e+00
9.352560043334960938e-01 9.818950891494750977e-01 9.923090934753417969e-01 1.087240338325500488e+00 1.061426043510437012e+00 1.003731131553649902e+00 8.543807268142700195e-01 9.281467199325561523e-01 1.070526361465454102e+00 1.030543088912963867e+00
9.216148853302001953e-01 9.844190478324890137e-01 1.007326722145080566e+00 1.086569905281066895e+00 1.070359587669372559e+00 1.007357001304626465e+00 8.757002949714660645e-01 9.121212959289550781e-01 1.059265851974487305e+00 1.065840125083923340e+00
9.110945463180541992e-01 9.887375235557556152e-01 9.999898076057434082e-01 1.093297243118286133e+00 1.077611565589904785e+00 9.931663274765014648e-01 8.781660199165344238e-01 9.360935688018798828e-01 1.092384934425354004e+00 1.041662693023681641e+00
9.170306921005249023e-01 9.813957214355468750e-01 1.001576066017150879e+00 1.089505791664123535e+00 1.100623607635498047e+00 1.005973100662231445e+00 8.901212811470031738e-01 9.523037672042846680e-01 1.051028132438659668e+00 1.080322504043579102e+00
