4.110818803310394287e-01 -2.137450687587261200e-02 3.202493861317634583e-02 -1.554349437355995178e-02 1.906538636831101030e-05 2.476727031171321869e-02 -2.121183648705482483e-02 1.989671215415000916e-02 -1.480866596102714539e-02 7.965523749589920044e-03 1.333879120647907257e-02 1.028220262378454208e-02 2.035193704068660736e-02 1.655951887369155884e-02 7.947690784931182861e-03
2.630129456520080566e-01 3.267356753349304199e-01 2.163945883512496948e-02 -4.407141730189323425e-02 1.203420478850603104e-02 6.751239765435457230e-03 -3.496931493282318115e-02 -1.596276834607124329e-02 -9.051686152815818787e-03 1.776583679020404816e-02 6.443104706704616547e-03 3.436096757650375366e-02 5.249800905585289001e-02 2.173342928290367126e-02 1.971254497766494751e-02
2.845103442668914795e-01 -1.689775288105010986e-02 2.438767254352569580e-01 -1.380708999931812286e-02 1.486123306676745415e-03 1.096730120480060577e-02 -1.289265416562557220e-02 3.703244403004646301e-02 -4.668151028454303741e-03 1.360575668513774872e-02 1.636699959635734558e-02 8.766558952629566193e-03 1.197087857872247696e-02 7.137503940612077713e-03 1.049783267080783844e-02
5.262037515640258789e-01 -2.000305652618408203e-01 1.889764890074729919e-02 3.208389282226562500e-01 4.955127462744712830e-02 1.000924333930015564e-01 -2.199597507715225220e-01 -2.643204927444458008e-01 -8.558077365159988403e-02 1.813312619924545288e-01 1.990520805120468140e-01 2.260005772113800049e-01 3.716329336166381836e-01 3.413991034030914307e-01 6.055609881877899170e-02
1.021148562431335449e+00 -2.461696974933147430e-03 1.872455030679702759e-01 -1.435011625289916992e-01 4.947730004787445068e-01 8.596399798989295959e-03 -6.112198159098625183e-02 1.587430760264396667e-02 -1.749683916568756104e-02 6.979963183403015137e-02 4.245873913168907166e-02 9.000316262245178223e-02 1.009621620178222656e-01 8.744013309478759766e-02 2.177009359002113342e-02
5.935379490256309509e-02 -1.341420132666826248e-02 1.603224128484725952e-02 -2.443075180053710938e-02 2.236237050965428352e-03 3.224983513355255127e-01 -1.352298725396394730e-02 -2.560721710324287415e-03 -1.436441019177436829e-02 1.971231587231159210e-02 2.214081585407257080e-02 2.841025777161121368e-02 3.726877644658088684e-02 3.944039717316627502e-02 2.490822598338127136e-02
1.020608749240636826e-02 -6.584086921066045761e-03 1.733634620904922485e-02 -3.675336763262748718e-02 2.980040386319160461e-03 5.157710239291191101e-02 2.373446524143218994e-01 -1.320136524736881256e-02 -1.883467845618724823e-02 2.099116146564483643e-02 3.925598040223121643e-02 4.289909824728965759e-02 6.339490413665771484e-02 5.757632106542587280e-02 2.585379965603351593e-02
2.266830950975418091e-01 -1.470454689115285873e-02 3.251484408974647522e-02 -1.384427305310964584e-02 -1.102586858905851841e-03 2.977975830435752869e-02 -2.217730972915887833e-03 2.722190916538238525e-01 -1.152001973241567612e-02 2.024315670132637024e-02 2.792242541909217834e-02 1.102588721551001072e-03 2.539767697453498840e-02 1.656847074627876282e-02 -9.914457332342863083e-04
2.653369426727294922e+00 4.387929663062095642e-02 1.961528956890106201e-01 -4.035539329051971436e-01 6.865120679140090942e-02 6.316280364990234375e-02 -2.628810107707977295e-01 -1.188610270619392395e-01 4.006703495979309082e-01 2.183576673269271851e-01 -1.097723022103309631e-01 2.507806122303009033e-01 5.178577899932861328e-01 3.062802255153656006e-01 1.355282310396432877e-02
-7.743453979492187500e-02 -3.999333828687667847e-02 1.091472879052162170e-01 -1.023462042212486267e-01 5.152606405317783356e-03 1.250894665718078613e-01 -6.425763666629791260e-02 -3.322730958461761475e-02 2.975732833147048950e-02 4.986591339111328125e-01 2.565365470945835114e-02 2.026397138833999634e-01 2.715384364128112793e-01 2.428890913724899292e-01 9.452817589044570923e-02
-7.350175641477108002e-03 -8.239633403718471527e-03 1.443924847990274429e-02 -2.455473691225051880e-02 8.123228326439857483e-03 5.481521412730216980e-02 5.881431512534618378e-03 3.299928794149309397e-04 -1.227910164743661880e-02 1.681639440357685089e-02 2.335863858461380005e-01 2.824147045612335205e-02 4.652040451765060425e-02 4.255162924528121948e-02 3.304623439908027649e-02
1.344487816095352173e-01 5.184007808566093445e-03 2.281635999679565430e-02 -2.971511147916316986e-02 2.375783631578087807e-03 3.596153482794761658e-02 -1.440076972357928753e-03 -6.478316616266965866e-03 -1.486125588417053223e-02 1.584869436919689178e-02 1.119211222976446152e-02 2.264607399702072144e-01 3.370985016226768494e-02 3.058062121272087097e-02 3.750142827630043030e-02
-7.832112163305282593e-02 2.346149273216724396e-02 1.070555206388235092e-02 -4.444415122270584106e-02 7.910350337624549866e-03 2.958188019692897797e-02 -2.667080052196979523e-02 -6.692665070295333862e-02 -1.920057833194732666e-02 2.301600202918052673e-02 2.433702908456325531e-02 6.155965849757194519e-02 2.747578620910644531e-01 7.422018051147460938e-02 4.391818866133689880e-02
2.840877294540405273e+00 -1.975395977497100830e-01 1.566260606050491333e-01 -2.289000004529953003e-01 -1.607086360454559326e-01 1.575794629752635956e-02 -3.275238573551177979e-01 -3.422603607177734375e-01 -7.042558491230010986e-02 1.979184001684188843e-01 -3.621351718902587891e-02 2.965977787971496582e-01 4.039613306522369385e-01 8.752419948577880859e-01 1.215969696640968323e-01
5.907120108604431152e-01 1.446754578500986099e-02 6.100246682763099670e-02 -1.716393828392028809e-01 1.047544777393341064e-01 1.556712687015533447e-01 -5.010949820280075073e-02 -1.538470238447189331e-01 -4.196941107511520386e-02 4.684597998857498169e-02 6.666941940784454346e-02 2.034576535224914551e-01 1.757349520921707153e-01 1.775753498077392578e-01 6.078388690948486328e-01
