-1.096964180469512939e-01 3.829021751880645752e-02 3.213800862431526184e-02 8.913059718906879425e-03 -3.860171139240264893e-02 -7.099420297890901566e-03 1.969784125685691833e-02 1.118313707411289215e-02 1.283887308090925217e-02 -1.584441587328910828e-02 1.699997112154960632e-02 3.545812144875526428e-02 -4.348868969827890396e-04 7.180821616202592850e-03 -1.317802909761667252e-02
-6.787703186273574829e-02 -7.891953736543655396e-02 -6.235018372535705566e-02 3.215643763542175293e-02 -3.327424451708793640e-02 -3.139053704217076302e-03 -3.390800906345248222e-03 3.834863007068634033e-02 1.642718911170959473e-02 6.927332282066345215e-02 1.373405940830707550e-02 -3.047394193708896637e-02 -4.245126619935035706e-02 2.327492833137512207e-02 -1.259311474859714508e-02
3.763332962989807129e-02 -8.912599086761474609e-02 -8.359811455011367798e-02 -4.590994119644165039e-02 -9.069992601871490479e-02 -3.776720911264419556e-02 -8.058609068393707275e-02 -8.686271309852600098e-02 -4.639067873358726501e-02 -2.494875527918338776e-02 3.110889159142971039e-02 -3.655539453029632568e-02 -4.080405831336975098e-02 -3.540521487593650818e-02 -1.832494325935840607e-02
9.477214217185974121e-01 4.434271752834320068e-01 9.152614325284957886e-02 -3.243421912193298340e-01 1.635176241397857666e-01 -1.367668956518173218e-01 1.123488694429397583e-01 -3.208086192607879639e-01 2.693758904933929443e-01 2.468835711479187012e-01 -1.855731755495071411e-01 7.077721953392028809e-01 -6.619504094123840332e-02 2.527754902839660645e-01 2.165434211492538452e-01
1.057760238647460938e+00 -4.746257886290550232e-02 1.567058451473712921e-02 1.396782994270324707e-01 -9.897757768630981445e-01 1.683072149753570557e-01 2.026142627000808716e-01 3.994601964950561523e-01 1.940692663192749023e-01 4.779680818319320679e-02 5.148221850395202637e-01 3.382488787174224854e-01 2.658560872077941895e-01 1.806562393903732300e-01 1.166182104498147964e-02
1.585016958415508270e-02 2.287940494716167450e-02 3.069685027003288269e-02 -1.327642332762479782e-02 2.248614467680454254e-02 2.560504972934722900e-01 -4.477917775511741638e-02 -3.541489318013191223e-02 4.172684997320175171e-02 -1.073981262743473053e-02 -1.318519711494445801e-01 -7.239362597465515137e-02 -3.483996167778968811e-02 4.096174612641334534e-02 -1.174295227974653244e-02
-2.494275867938995361e-01 -9.216509759426116943e-03 -9.835697710514068604e-02 -1.341685466468334198e-02 -3.991048783063888550e-02 -5.750744789838790894e-02 -7.682487484999001026e-04 -8.275345712900161743e-02 7.126484997570514679e-03 -4.178248345851898193e-02 -2.246837504208087921e-02 -4.096436500549316406e-02 -1.790601201355457306e-02 1.640579104423522949e-02 1.140068401582539082e-03
4.261538684368133545e-01 2.796779386699199677e-02 -4.241064563393592834e-02 -5.873114615678787231e-02 -9.603002108633518219e-03 -7.878377288579940796e-02 -6.042913720011711121e-02 3.530197963118553162e-02 -2.224772982299327850e-02 -8.390767127275466919e-02 -8.251886069774627686e-02 -2.063407003879547119e-02 -2.404742687940597534e-02 -1.773235946893692017e-02 -1.717816665768623352e-02
3.021795034408569336e+00 3.358908593654632568e-01 3.891569674015045166e-01 2.408594936132431030e-01 2.589084506034851074e-01 3.128277957439422607e-01 4.466682076454162598e-01 9.642993658781051636e-02 -6.172639727592468262e-01 2.645561099052429199e-01 5.518696308135986328e-01 3.654119074344635010e-01 1.467568874359130859e-01 3.432828783988952637e-01 2.728572785854339600e-01
6.646720170974731445e-01 5.763226151466369629e-01 4.145430922508239746e-01 1.772815585136413574e-01 -5.321880057454109192e-02 5.928977206349372864e-02 2.234278023242950439e-01 -1.095284745097160339e-01 1.563791781663894653e-01 -1.079080462455749512e+00 7.404431700706481934e-03 1.994598209857940674e-01 4.505702853202819824e-01 1.338663250207901001e-01 7.510365545749664307e-02
-1.355063403025269508e-03 4.849879816174507141e-02 8.498740196228027344e-02 -2.539154514670372009e-02 7.288832217454910278e-02 -1.137281209230422974e-02 2.891941694542765617e-03 -1.858761534094810486e-02 5.129688605666160583e-02 -8.638976141810417175e-03 1.194873079657554626e-01 -7.402891665697097778e-02 1.556398440152406693e-02 3.418274968862533569e-02 -2.501437626779079437e-02
1.224615126848220825e-01 -6.125387270003557205e-03 5.939865112304687500e-02 4.047324880957603455e-02 3.836537152528762817e-02 -5.723080039024353027e-02 -4.287267103791236877e-03 3.046840429306030273e-02 1.305650267750024796e-02 1.712795533239841461e-02 -8.321450650691986084e-02 -9.073647856712341309e-02 -4.190738499164581299e-02 3.380176424980163574e-02 -6.245538592338562012e-02
-1.982343196868896484e-02 -3.956428170204162598e-02 1.810263656079769135e-02 -1.234213355928659439e-02 4.946041852235794067e-02 -3.558798879384994507e-02 -1.848543994128704071e-02 3.051709150895476341e-03 2.018351480364799500e-02 5.430929362773895264e-02 -6.919142603874206543e-02 -5.191949382424354553e-02 5.594224482774734497e-02 1.933868974447250366e-02 1.402383088134229183e-03
1.144181489944458008e+00 5.577285587787628174e-02 1.418365538120269775e-01 3.892388343811035156e-01 4.031942486763000488e-01 4.014928340911865234e-01 2.843217551708221436e-01 2.104427218437194824e-01 2.200699150562286377e-01 2.587400376796722412e-01 9.117413312196731567e-02 2.950294911861419678e-01 1.014371961355209351e-01 -6.727527976036071777e-01 1.100933551788330078e-01
8.482305407524108887e-01 1.594456583261489868e-01 4.783329665660858154e-01 9.504029154777526855e-02 1.017320305109024048e-01 5.226794630289077759e-03 2.643364965915679932e-01 3.210088908672332764e-01 1.795092523097991943e-01 1.295009553432464600e-01 -2.212950438261032104e-01 -1.576602086424827576e-02 -1.825805171392858028e-03 1.121792495250701904e-01 -4.885177612304687500e-01
