-3.936871513724327087e-02 8.583823218941688538e-03 1.013715043663978577e-01 1.741496175527572632e-01 -9.622131288051605225e-02 8.802794218063354492e-01 2.348245084285736084e-01 3.404106199741363525e-02 -1.439867075532674789e-02 1.103995963931083679e-01
5.968936719000339508e-03 2.017643898725509644e-01 -2.494100093841552734e+00 1.603954434394836426e-01 1.362269669771194458e-01 2.647014260292053223e-01 -1.121153496205806732e-02 4.530269652605056763e-03 2.598690800368785858e-02 9.959331899881362915e-02
5.280834157019853592e-04 9.306109859608113766e-06 -5.915228128433227539e-01 1.789195812307298183e-04 1.536805502837523818e-04 1.505307300249114633e-04 -8.863382972776889801e-04 -8.017881918931379914e-05 -4.242679278831928968e-05 9.996384324040263891e-05
-2.937027812004089355e-02 2.130212448537349701e-02 -4.173246026039123535e-01 2.073612622916698456e-02 -4.238240793347358704e-02 5.458558201789855957e-01 7.384470850229263306e-02 -1.359321083873510361e-02 -5.173555016517639160e-02 9.337387233972549438e-02
1.236408948898315430e-03 5.394342355430126190e-03 -4.849358558654785156e+00 -2.974538365378975868e-03 9.481957554817199707e-02 -9.466478601098060608e-03 -1.973991282284259796e-02 1.288980478420853615e-03 1.410471461713314056e-02 1.015543192625045776e-02
1.620549708604812622e-01 -1.001387368887662888e-02 -3.360360622406005859e+00 -9.826784953474998474e-03 7.297834753990173340e-02 1.266295760869979858e-01 3.108396381139755249e-02 2.694657444953918457e-02 3.224240243434906006e-02 5.577252805233001709e-02
2.690860331058502197e-01 3.592289611697196960e-02 2.319370985031127930e+00 2.468650788068771362e-01 2.566491998732089996e-02 6.881927251815795898e-01 -2.855664193630218506e-01 5.854402482509613037e-02 6.110515072941780090e-02 1.034386232495307922e-01
3.313990077003836632e-03 -3.516961261630058289e-02 -5.388173103332519531e+00 -1.592853479087352753e-02 6.133671849966049194e-02 1.393546909093856812e-02 -5.512234568595886230e-02 1.723730191588401794e-02 3.401450067758560181e-02 1.324498374015092850e-02
3.941750526428222656e-02 -2.297373116016387939e-02 -7.122133970260620117e-01 9.305956214666366577e-02 1.232861354947090149e-01 5.013506487011909485e-02 -8.868674933910369873e-02 7.698493544012308121e-03 1.788245737552642822e-01 5.371674522757530212e-02
2.244916707277297974e-01 -8.936696499586105347e-02 -2.896962642669677734e+00 1.948008388280868530e-01 7.920210808515548706e-02 2.849383354187011719e-01 8.137260377407073975e-02 2.656951732933521271e-02 7.568626105785369873e-02 -5.551120638847351074e-01
