9.669191315754506189e-01 5.419410763192748955e-04 -3.048251491267721901e-03 3.760463670680658788e-01 -7.566245944799251510e-04 1.096572156524974057e-02 5.507401037661065766e-04 -3.330639204438404395e-03 9.675275715497918538e-01 5.442651804269180715e-01
-6.609961001614310383e-03 5.878317914480257755e-01 1.094489223179024195e+00 -2.400139788033471295e-03 -1.758021874223070474e-03 -3.680175555766741595e-03 -2.480716916547667621e-03 -2.345834885981006208e-03 2.790079057226551099e-02 -1.812882727234587689e-03
-6.664128488439880621e-03 -6.349625976390783563e-03 6.487749322207150282e-01 -2.461655766306793721e-03 -1.771987368702658073e-03 -3.682954374663967821e-03 -2.810666562248195343e-03 6.522321327828700666e-01 1.459157127928278452e+00 2.774175633720640799e-02
-6.456795923708697621e-03 -5.863245815021286139e-03 -4.339763773584632937e-03 1.320139288761679630e+00 -8.586048174061604527e-04 -2.464343457100282887e-03 -2.347618809953349716e-03 1.886828117266090184e-05 3.068434731835368440e-03 -3.831058833329290588e-04
-6.482611827592991635e-03 -6.107034515534667807e-03 -1.234566305419377164e-03 -8.863320181286072144e-04 3.534405954395759136e-02 -2.617200469281947151e-03 3.602651473626445472e-02 -3.143345472092748220e-03 5.036113840220085569e-01 1.282680458519978514e-02
7.048401115628908503e-03 5.317032830280416650e-03 2.286542933227324048e-01 1.237619220706735135e+00 1.806063381038470680e-02 4.865630261781092591e-02 9.970250760229720788e-02 1.805450182512537095e-03 5.966935430715378241e-02 -1.651677463726978524e-03
6.101281376731215733e-01 -1.330149266001759119e-03 2.632256058833038620e-03 3.828992028229344369e-02 -3.294917599154129377e-04 2.001934820559961477e-03 6.370754634468034361e-02 -2.218907938740489853e-03 5.931057331275500083e-03 -1.839103923827844871e-03
9.447766694915936403e-02 1.092300730327275607e-02 1.864185537067054648e-03 3.023617610556689900e-02 1.545271938425768921e-03 4.560718597397914187e-02 5.224341767747168325e-02 6.347590474556379370e-01 1.159885457223588379e-01 4.851481566466265827e-01
-8.896809537244170472e-04 -2.897642879722585330e-03 -5.372344390799246514e-03 1.981276098416150100e-02 1.589461418720294894e-02 9.755401450925318962e-02 -1.874339418317549043e-03 6.837232752010979908e-03 1.256746582981603133e+00 5.922896898024714724e-02
-5.551656477648833979e-03 -1.437844984657704302e-03 -5.518227549873893495e-03 2.089166432568032548e-03 -1.673708956794859801e-03 2.156668326371547761e-01 1.060909980124882107e-02 -3.193639519038002535e-03 2.081012325480013740e-03 1.372286136276279489e+00
