3.998572340819832522e-05 4.150343615901580410e-05 3.739688882499930437e-05 5.586467240360881280e-04 3.241533896043967975e-04 3.289502701215610508e-05 1.533262899269954046e-05 3.693395047519841827e-05 8.114630987617540980e-04 1.638526181818580278e-04
5.549848391595379977e-05 3.085596252828903165e-06 9.677704819719295628e-06 7.177287747312619415e-04 2.595148093442623135e-04 5.020820985842445902e-05 3.581053238487005294e-05 6.340417993039715175e-05 9.650242348902654229e-04 4.433326924212618782e-04
3.184453530909066966e-05 3.905502400220766290e-05 2.271644110385947037e-05 9.257233398918514669e-04 4.739361227519480347e-04 5.211343189340451773e-05 3.845040104802263772e-05 6.009805614793018369e-05 6.713131532215152160e-04 3.517725695198360009e-04
3.723129671329551780e-04 9.888788851272632869e-05 3.095133622558861254e-04 6.798091261967340211e-03 2.940167186579657147e-03 2.848785781008313306e-04 3.403216512081797028e-04 4.739032530120644170e-05 5.843432417568115468e-03 3.056011390707564796e-03
2.277529237594895072e-03 1.862331437332944871e-03 1.350854521593428245e-03 3.856810693902226056e-03 1.965208086946270555e-02 2.460152735805655726e-04 2.097217430055501859e-04 2.069531924957663789e-04 4.503825455708974392e-03 3.208056539024461713e-03
5.472201298560844040e-05 3.332198749997058383e-05 6.613725062558795803e-05 7.566220792464715614e-04 2.777526582451253240e-04 5.954861774639590659e-05 8.391015401651099898e-05 3.834514900520768110e-05 9.107492442112101504e-04 4.692080280801143896e-04
5.145602141175260977e-05 3.431176539643723345e-05 4.600233265515494559e-05 7.472675208526327519e-04 4.370390503319399652e-04 6.780843241145891932e-05 3.129884660756126124e-05 4.636517169994960809e-05 9.048898615981529336e-04 2.418633058245450891e-04
3.818707232102743426e-05 8.538750710595713464e-05 2.149700467179581866e-05 7.468386965061035460e-04 5.080740266360172456e-04 3.708116825202259758e-05 2.684766700316016153e-05 3.221434973008870703e-05 7.140988157684957562e-04 3.569495280530554518e-04
4.030821144800456968e-04 4.580866712815579735e-04 3.190474084845458676e-04 6.778756845896432258e-03 2.801955347079136769e-03 2.888900304690109749e-04 6.631594272091766423e-05 3.131863840885491801e-04 6.428395541955888096e-03 3.185332465062097260e-03
1.831455240212160229e-04 2.132033127944951375e-04 1.931363706456351711e-04 4.048709040335733179e-03 3.270435847295622041e-03 2.287549403523518252e-03 2.090961026812166758e-03 1.580820120376375893e-03 4.427224843825141275e-03 2.072617514419084622e-02
