-6.798725808039307594e-04 -3.168065450154244900e-05 -6.495185079984366894e-04 -3.883817000314593315e-03 -2.703351434320211411e-03 1.976223429664969444e-03 1.652020437177270651e-04 5.085086449980735779e-04 -4.749498330056667328e-03 -2.049313858151435852e-03 9.850217029452323914e-04 2.984229242429137230e-03 5.652967956848442554e-04 -5.182798486202955246e-03 -3.100342582911252975e-03
-1.728939940221607685e-03 -5.941034760326147079e-04 -7.168779266066849232e-04 -4.782851785421371460e-03 -3.271620487794280052e-03 2.189040416851639748e-03 6.768284365534782410e-04 1.483838190324604511e-03 -5.577998701483011246e-03 -2.077732700854539871e-03 3.833623486571013927e-04 3.097068052738904953e-03 9.319323580712080002e-04 -5.966471508145332336e-03 -3.915010020136833191e-03
-1.061599934473633766e-03 4.133726470172405243e-04 -1.051803934387862682e-03 -5.266968626528978348e-03 -3.810404567047953606e-03 2.465727273374795914e-03 1.021970063447952271e-03 1.372199272736907005e-03 -6.332458928227424622e-03 -3.997455816715955734e-03 1.397421001456677914e-04 2.637718571349978447e-03 7.230099872685968876e-04 -7.383875548839569092e-03 -4.991729278117418289e-03
-2.581875771284103394e-03 2.561419969424605370e-03 2.822368987835943699e-04 -2.105570398271083832e-02 -1.339831110090017319e-02 4.200610332190990448e-03 2.181108109652996063e-03 6.184785161167383194e-03 -2.512055262923240662e-02 -1.054023858159780502e-02 -4.210610873997211456e-03 7.414361927658319473e-03 9.324307553470134735e-03 -2.268846333026885986e-02 -1.751947402954101562e-02
2.630226372275501490e-04 4.151082597672939301e-03 3.638834692537784576e-03 -5.239749327301979065e-03 1.344164600595831871e-03 4.832655657082796097e-03 3.615561174228787422e-03 4.689170047640800476e-03 -3.927813377231359482e-03 -5.536636803299188614e-03 4.706236533820629120e-03 7.171635050326585770e-03 7.937456481158733368e-03 -7.336145266890525818e-03 -7.404654286801815033e-03
-4.470642597880214453e-04 3.894065157510340214e-04 -1.342834875686094165e-04 -3.084167139604687691e-03 -1.464720116928219795e-03 1.302153454162180424e-03 9.576932061463594437e-04 1.318120979703962803e-03 -3.452221630141139030e-03 -1.919820788316428661e-03 4.649609618354588747e-04 1.789200818166136742e-03 1.396758249029517174e-03 -4.130640532821416855e-03 -2.623398555442690849e-03
-1.017041853629052639e-03 7.384519558399915695e-04 -4.418819444254040718e-04 -3.322346834465861320e-03 -2.076401375234127045e-03 1.168040791526436806e-03 8.971553179435431957e-04 8.470473112538456917e-04 -4.167582839727401733e-03 -2.037247642874717712e-03 7.835933938622474670e-04 2.169798593968153000e-03 1.699691871181130409e-03 -4.683054052293300629e-03 -2.966061001643538475e-03
-1.245461753569543362e-03 -1.006445672828704119e-04 -4.997387295588850975e-04 -3.258779412135481834e-03 -2.179177710786461830e-03 9.583226055838167667e-04 2.896339574363082647e-04 8.230076055042445660e-04 -4.386618267744779587e-03 -1.355911255814135075e-03 4.013566358480602503e-04 2.679118188098073006e-03 7.772223325446248055e-04 -4.390385001897811890e-03 -2.524187089875340462e-03
-7.706630975008010864e-03 -5.089704412966966629e-03 -4.156734328716993332e-03 -1.028816588222980499e-02 -5.675037391483783722e-03 8.955786935985088348e-03 1.876345253549516201e-03 3.863789839670062065e-03 -6.860899738967418671e-03 2.106432802975177765e-03 7.746368646621704102e-03 1.285031065344810486e-02 3.732749260962009430e-03 -1.117057260125875473e-02 -4.288522526621818542e-03
-8.205012418329715729e-03 -3.942945506423711777e-03 -3.382516093552112579e-03 -9.102134034037590027e-03 -5.669418722391128540e-03 5.140469875186681747e-03 -9.969122475013136864e-04 3.101548936683684587e-04 -1.044006831943988800e-02 2.476714726071804762e-04 3.634236752986907959e-03 9.705800563097000122e-03 1.197106321342289448e-03 -1.153934188187122345e-02 -5.746300332248210907e-03
-1.016097376123070717e-03 6.781330012017861009e-05 -4.469433624763041735e-04 -2.656348748132586479e-03 -1.930760452523827553e-03 1.153713907115161419e-03 3.155226586386561394e-04 8.447177824564278126e-04 -3.531010821461677551e-03 -1.052138744853436947e-03 4.367123474366962910e-04 2.356742741540074348e-03 9.824996814131736755e-04 -3.567961975932121277e-03 -1.951329060830175877e-03
-1.235305215232074261e-03 4.520692164078354836e-04 -6.522525218315422535e-04 -5.048346240073442459e-03 -3.567784791812300682e-03 1.706492388620972633e-03 6.844172021374106407e-04 1.119017018936574459e-03 -6.442349869757890701e-03 -3.260808764025568962e-03 2.189122169511392713e-04 2.597696147859096527e-03 1.472076517529785633e-03 -6.615011952817440033e-03 -4.413665272295475006e-03
-3.762109845411032438e-04 5.249950336292386055e-04 -2.058906684396788478e-04 -3.148627700284123421e-03 -2.206929493695497513e-03 1.248228480108082294e-03 5.195279954932630062e-04 1.107380143366754055e-03 -4.200534895062446594e-03 -1.527352374978363514e-03 2.245744399260729551e-04 2.205731580033898354e-03 1.661633956246078014e-03 -4.183343145996332169e-03 -2.579684369266033173e-03
-1.273449696600437164e-02 5.234665586613118649e-04 1.096211955882608891e-03 -1.510181371122598648e-02 -8.812239393591880798e-03 6.394856143742799759e-03 3.466563648544251919e-04 3.467379370704293251e-03 -1.075303461402654648e-02 2.968883607536554337e-03 1.350129023194313049e-03 1.041677221655845642e-02 1.216126978397369385e-02 -1.320939324796199799e-02 -1.066873781383037567e-02
-7.811440154910087585e-03 -4.154006019234657288e-03 -2.401993377134203911e-03 -9.318337775766849518e-03 -8.909572847187519073e-03 2.759652445092797279e-03 -8.506371523253619671e-04 6.382711580954492092e-05 -1.322788372635841370e-02 1.044071745127439499e-03 3.138593398034572601e-03 1.141376420855522156e-02 6.242095259949564934e-04 -1.119124982506036758e-02 -4.333809949457645416e-03
