-1.352090388536453247e-01 2.491871826350688934e-03 1.092687807977199554e-02 -7.929497398436069489e-03 8.921983093023300171e-02 -6.571011152118444443e-03 -1.944063976407051086e-02 -3.767899936065077782e-03 -2.379972673952579498e-02 -1.452277693897485733e-02 -2.432331815361976624e-02 2.679767552763223648e-03 -5.482469219714403152e-03 -1.001399010419845581e-03 2.136555500328540802e-03
-1.289694458246231079e-01 7.473430130630731583e-03 7.207345683127641678e-03 -4.358837846666574478e-03 5.926439538598060608e-02 3.049238119274377823e-03 -1.148683205246925354e-02 -4.362988751381635666e-03 -2.022624015808105469e-02 -2.717488445341587067e-02 -1.918309368193149567e-02 1.626215758733451366e-03 -1.186699140816926956e-03 1.306800055317580700e-03 6.039307336322963238e-04
-1.098345145583152771e-01 4.233881831169128418e-03 7.341753691434860229e-03 -9.754702448844909668e-03 1.579186692833900452e-02 -3.739268286153674126e-03 -8.381115272641181946e-03 -2.899350831285119057e-03 -1.434086449444293976e-02 5.796027835458517075e-03 -1.843974366784095764e-02 1.472975709475576878e-03 -3.401527414098381996e-03 2.212660387158393860e-02 -4.501349292695522308e-03
-3.085244894027709961e-01 -1.598264276981353760e-02 3.316113026812672615e-03 6.358354091644287109e-01 4.021511971950531006e-02 1.666112393140792847e-01 5.814896151423454285e-02 8.622141927480697632e-02 3.664718940854072571e-03 -1.105533316731452942e-01 2.806692942976951599e-02 1.241499856114387512e-01 5.983135104179382324e-02 -6.454530358314514160e-02 -1.173372790217399597e-01
-1.255030035972595215e-01 -7.857509888708591461e-03 9.070153534412384033e-02 9.394309483468532562e-03 1.002460002899169922e+00 -6.982130557298660278e-02 -7.011229544878005981e-02 2.150476165115833282e-02 -1.249182373285293579e-01 -1.250933762639760971e-02 -2.995254285633563995e-02 1.382086332887411118e-02 -2.190031111240386963e-02 -8.566661179065704346e-02 4.419458098709583282e-03
-1.084127500653266907e-01 -5.507316440343856812e-03 -6.251385202631354332e-04 -5.566374864429235458e-03 -1.395272742956876755e-02 -1.232427172362804413e-02 -1.052716001868247986e-02 4.892189987003803253e-03 -1.871432550251483917e-02 6.348581612110137939e-02 -1.954538375139236450e-02 -1.189852133393287659e-03 -5.898713134229183197e-03 5.851329187862575054e-04 1.807769993320107460e-03
-1.273183524608612061e-01 -7.731116842478513718e-03 5.275211879052221775e-04 -1.406342815607786179e-02 -1.295843999832868576e-02 -2.126663364470005035e-02 -1.535812858492136002e-02 4.294796381145715714e-03 -1.295072585344314575e-02 8.357536047697067261e-02 -2.408714406192302704e-02 -5.312558729201555252e-03 -8.706473745405673981e-03 3.230789909139275551e-03 -2.209315821528434753e-02
-1.401090770959854126e-01 5.138129927217960358e-04 3.734237747266888618e-03 -2.045502327382564545e-02 -3.911299165338277817e-03 -1.022566482424736023e-02 -1.468113064765930176e-02 -1.872501452453434467e-03 -3.975401166826486588e-03 2.998070232570171356e-02 -2.643640525639057159e-02 -3.622816002462059259e-04 -5.863581784069538116e-03 1.961594214662909508e-03 -1.568694016896188259e-03
-2.154199630022048950e-01 8.169776946306228638e-02 4.873663559556007385e-02 3.030151873826980591e-02 -8.457272499799728394e-02 7.601464539766311646e-02 5.775504186749458313e-02 9.943020343780517578e-02 6.225843429565429688e-01 -9.379161521792411804e-03 -2.679572207853198051e-03 7.887277752161026001e-02 6.245563551783561707e-02 -1.191510558128356934e-01 6.749522872269153595e-03
-1.927238702774047852e-01 -1.035152226686477661e-01 -1.333888969384133816e-03 -1.173022314906120300e-01 -2.247384376823902130e-02 -2.383289486169815063e-01 -1.140256524085998535e-01 9.529735147953033447e-02 -5.101212114095687866e-02 9.476577043533325195e-01 -5.783168599009513855e-02 -6.054776534438133240e-02 -5.006670579314231873e-02 -6.528451293706893921e-02 6.318344175815582275e-02
-1.294814199209213257e-01 3.275002585723996162e-03 -3.001783974468708038e-03 -1.636044867336750031e-02 -1.071753725409507751e-02 -8.186841383576393127e-03 -2.639704942703247070e-02 -4.291197750717401505e-03 -1.501653064042329788e-02 3.869608044624328613e-03 -2.199098467826843262e-02 3.932851832360029221e-03 5.013163172407075763e-05 -1.727912947535514832e-02 9.499412775039672852e-02
-1.020107343792915344e-01 5.271167028695344925e-03 -1.978487474843859673e-03 -1.273181941360235214e-02 -1.199346873909235001e-02 -7.632265798747539520e-03 -1.807588152587413788e-02 -2.240469213575124741e-03 -3.678727895021438599e-03 5.600594915449619293e-03 -1.233292091637849808e-02 2.348717069253325462e-03 6.563295610249042511e-04 -6.813131272792816162e-03 7.884224504232406616e-02
-1.229057013988494873e-01 5.125711206346750259e-03 3.462424967437982559e-03 -1.882232958450913429e-03 4.853638354688882828e-03 3.494932083413004875e-03 -8.290892466902732849e-03 9.049350046552717686e-05 -7.151918485760688782e-03 -6.624411325901746750e-03 -1.828900724649429321e-02 3.852800000458955765e-03 1.572184264659881592e-03 5.088597070425748825e-03 1.003148686140775681e-02
-2.682573795318603516e-01 4.980084300041198730e-02 1.164227500557899475e-01 -1.061684414744377136e-01 -5.841059237718582153e-02 -2.324326150119304657e-02 -4.073076322674751282e-02 -9.214367717504501343e-02 -2.077176421880722046e-01 -9.817984700202941895e-02 2.383939921855926514e-02 -9.080951102077960968e-03 -1.305510662496089935e-02 7.828373908996582031e-01 -1.246781945228576660e-01
-1.391919851303100586e-01 1.123882178217172623e-02 -1.393505465239286423e-02 -7.925592362880706787e-02 -2.532921964302659035e-03 -6.033495441079139709e-02 -1.133546978235244751e-01 5.332198925316333771e-03 -1.420466974377632141e-02 2.566081844270229340e-02 9.301003068685531616e-03 1.307675614953041077e-02 2.703799679875373840e-02 -8.072729408740997314e-02 8.404773473739624023e-01
