1.272020220756530762e+00 -2.912759780883789062e-01 8.105590939521789551e-01 -1.084543168544769287e-01 -1.729571670293807983e-01 3.650405704975128174e-01 -5.472304672002792358e-02 -1.690624654293060303e-01 -2.699758708477020264e-01 -6.035919860005378723e-02
-1.247087121009826660e-01 4.992451071739196777e-01 -1.269737243652343750e+00 -5.935583263635635376e-03 7.472459226846694946e-02 3.570734336972236633e-02 5.007869750261306763e-02 1.015234366059303284e-02 -2.341368608176708221e-02 -3.519411012530326843e-02
6.126018986105918884e-02 -1.298448815941810608e-02 7.618425786495208740e-02 -7.380716037005186081e-03 -2.917694672942161560e-02 3.632660256698727608e-03 -6.383265834301710129e-03 -8.352703414857387543e-03 -1.151640247553586960e-02 -2.234711498022079468e-02
-2.807853221893310547e-01 -1.582591235637664795e-02 -5.584176778793334961e-01 9.307653903961181641e-01 -7.303471118211746216e-02 -6.058453768491744995e-02 -1.350675243884325027e-02 -1.773214787244796753e-01 2.539866417646408081e-02 -4.975955933332443237e-02
-8.167552202939987183e-02 6.336234975606203079e-03 1.751897670328617096e-02 -2.179721370339393616e-03 3.726055473089218140e-02 1.217586826533079147e-02 -1.221659686416387558e-02 5.022523924708366394e-02 -5.693967454135417938e-03 5.974210333079099655e-03
-1.458458453416824341e-01 -9.002044796943664551e-02 -8.367303609848022461e-01 -3.270850330591201782e-02 -1.049996912479400635e-02 1.058497190475463867e+00 -1.612182706594467163e-01 -2.908268757164478302e-02 -3.817995265126228333e-02 3.988577052950859070e-02
-7.859789133071899414e-01 2.787836492061614990e-01 3.731183111667633057e-01 2.492944151163101196e-01 -3.197544440627098083e-02 1.327527463436126709e-01 3.406406342983245850e-01 -1.115370318293571472e-01 -1.680689454078674316e-01 -1.326275318861007690e-01
-1.175548881292343140e-01 4.914783872663974762e-03 2.760805487632751465e-01 -2.701144851744174957e-02 7.234952598810195923e-02 -1.387327164411544800e-02 -1.610495522618293762e-02 6.193184256553649902e-01 2.245770022273063660e-02 1.430395152419805527e-02
-4.220730304718017578e+00 -4.748833552002906799e-02 1.443771362304687500e+00 -9.422369301319122314e-03 -1.528874784708023071e-01 8.998860605061054230e-03 -1.554692536592483521e-01 8.091151714324951172e-02 4.253511130809783936e-01 -9.563743323087692261e-02
-4.927564263343811035e-01 -4.121231660246849060e-02 -1.060555130243301392e-01 -2.683281525969505310e-02 1.649735271930694580e-01 2.475242502987384796e-02 -1.191291436553001404e-01 2.477849461138248444e-02 2.492092922329902649e-02 5.117425322532653809e-01
