-7.029537856578826904e-02 8.977616671472787857e-04 1.648378185927867889e-02 -8.326957933604717255e-03 9.897807985544204712e-02 5.358221475034952164e-03 -9.097213856875896454e-03 1.458538463339209557e-03 -9.488343261182308197e-03 -1.291400101035833359e-02 -1.980337314307689667e-02 8.801161311566829681e-04 -2.582584274932742119e-03 5.742534529417753220e-03 1.392662874422967434e-03
-6.368178874254226685e-02 7.587045896798372269e-03 1.289371214807033539e-02 -3.271502908319234848e-03 7.452557235956192017e-02 1.246196776628494263e-02 -2.385916886851191521e-03 7.630471955053508282e-04 -6.194765213876962662e-03 -2.507188357412815094e-02 -1.376731041818857193e-02 2.094195922836661339e-03 1.418507599737495184e-04 5.908314138650894165e-03 -3.725758753716945648e-03
-5.669504031538963318e-02 7.156708743423223495e-03 1.720317266881465912e-02 -1.068772282451391220e-02 2.647274918854236603e-02 7.075603120028972626e-03 -3.192206146195530891e-03 1.520859077572822571e-03 4.548731260001659393e-03 2.477796748280525208e-03 -1.455476880073547363e-02 3.391351783648133278e-03 7.116671622497960925e-05 2.117129601538181305e-02 -3.010974964126944542e-03
-1.455660313367843628e-01 -5.168116465210914612e-02 -7.917755842208862305e-02 6.639006733894348145e-01 3.723756968975067139e-02 8.270454406738281250e-02 3.772228583693504333e-02 7.631296664476394653e-02 4.965334013104438782e-02 -8.554148674011230469e-02 2.589914761483669281e-02 1.228763833642005920e-01 6.530182063579559326e-02 -1.551639884710311890e-01 -7.278124243021011353e-02
-7.073733210563659668e-02 -5.680752918124198914e-02 8.237119019031524658e-02 1.777660287916660309e-02 1.009033203125000000e+00 -5.123829934746026993e-03 -1.502202171832323074e-02 4.429051280021667480e-02 -1.032234951853752136e-01 9.162822738289833069e-03 -9.428534656763076782e-03 -7.209874689579010010e-03 -1.524697430431842804e-02 -5.517685413360595703e-02 -2.899175323545932770e-02
-6.091748923063278198e-02 -5.781867541372776031e-03 9.454640559852123260e-03 -3.818109398707747459e-03 -2.396229887381196022e-03 -5.596711300313472748e-03 -1.007467042654752731e-02 6.069421768188476562e-03 5.806326589663513005e-05 5.652305483818054199e-02 -1.783529482781887054e-02 -1.904603705042973161e-04 -3.655392909422516823e-03 1.216721604578197002e-03 -8.960029110312461853e-03
-6.311410665512084961e-02 -8.403030224144458771e-03 1.090606488287448883e-02 -1.166507881134748459e-02 -1.076140208169817924e-03 -1.314838044345378876e-02 -1.646549440920352936e-02 4.710402339696884155e-03 -1.244070241227746010e-03 6.949358433485031128e-02 -2.006042748689651489e-02 -4.630396608263254166e-03 -4.879680927842855453e-03 5.420780740678310394e-03 -9.179567918181419373e-03
-7.781243324279785156e-02 -5.689823883585631847e-04 1.516277901828289032e-02 -1.740705408155918121e-02 2.155287750065326691e-02 -1.231679692864418030e-03 -1.249655801802873611e-02 2.684433711692690849e-03 5.161712411791086197e-03 2.975566312670707703e-02 -2.572386339306831360e-02 -7.608328451169654727e-05 -3.110800636932253838e-03 2.479411428794264793e-03 -7.936257869005203247e-03
-1.345748156309127808e-01 1.377802789211273193e-01 9.185841679573059082e-02 5.390748009085655212e-02 -7.909251749515533447e-02 1.305388212203979492e-01 1.078200861811637878e-01 9.226032346487045288e-02 5.855920910835266113e-01 -5.619912967085838318e-02 2.052786573767662048e-02 1.040371730923652649e-01 8.092759549617767334e-02 -6.677614152431488037e-02 -5.909639224410057068e-02
-1.046989113092422485e-01 -1.643950045108795166e-01 3.235350176692008972e-02 -6.575644016265869141e-02 -3.900841251015663147e-02 -2.511503398418426514e-01 -1.505014300346374512e-01 9.564594179391860962e-02 -5.228928849101066589e-02 9.690210819244384766e-01 -6.247876957058906555e-02 -7.519275695085525513e-02 -3.646440804004669189e-02 -7.021878659725189209e-02 4.529625177383422852e-02
-6.292019784450531006e-02 5.470767617225646973e-03 -2.128469524905085564e-03 -1.201358065009117126e-02 -9.789734147489070892e-03 -1.160749141126871109e-02 -2.086143754422664642e-02 5.300852717482484877e-05 -6.624456495046615601e-03 -6.917934515513479710e-04 -1.636292412877082825e-02 2.503809286281466484e-03 6.249895319342613220e-03 -9.373567067086696625e-03 9.644872695207595825e-02
-4.948404803872108459e-02 5.494808312505483627e-03 1.423240610165521502e-04 -6.461747922003269196e-03 4.465047270059585571e-03 -1.146749220788478851e-02 -1.421377807855606079e-02 1.768184592947363853e-03 -1.066405558958649635e-03 2.349863294512033463e-03 -8.527751080691814423e-03 5.082720890641212463e-04 5.445401649922132492e-03 -3.439336316660046577e-03 7.765291631221771240e-02
-6.084255501627922058e-02 9.252916090190410614e-03 8.284972049295902252e-03 2.961746358778327703e-04 7.403268944472074509e-03 9.618098847568035126e-03 -1.989469863474369049e-03 2.825861331075429916e-03 8.865226991474628448e-03 -1.169173326343297958e-02 -1.246457919478416443e-02 5.335242953151464462e-03 4.909442737698554993e-03 6.072761490941047668e-03 1.103839185088872910e-02
-1.428050547838211060e-01 9.859292209148406982e-02 2.058112621307373047e-01 -1.708320826292037964e-01 -1.706635020673274994e-02 5.629635974764823914e-02 -2.079231105744838715e-02 -7.823122292757034302e-02 -6.743873655796051025e-02 -6.957623362541198730e-02 1.786572858691215515e-02 -3.427365096285939217e-03 -2.011058479547500610e-02 7.353144884109497070e-01 -4.427532479166984558e-02
-6.804303824901580811e-02 2.132954308763146400e-03 -5.565917864441871643e-02 -4.476163908839225769e-02 3.359306370839476585e-03 -1.414914876222610474e-01 -1.098102927207946777e-01 2.841035090386867523e-02 -5.696495622396469116e-02 2.746872976422309875e-02 1.581807248294353485e-02 -1.444011181592941284e-02 6.518664956092834473e-02 -9.111995995044708252e-02 8.795263171195983887e-01
