5.532947182655334473e-01 -2.695037610828876495e-02 4.785642400383949280e-02 6.963639054447412491e-03 3.221289487555623055e-03 -2.090068347752094269e-02 -7.059518992900848389e-02 7.820018567144870758e-03 -9.751052409410476685e-02 1.918120426125824451e-03 -3.450436890125274658e-02 -3.554694121703505516e-03 -7.106392830610275269e-02 -6.039984524250030518e-02 -6.057878211140632629e-02
2.621410042047500610e-02 2.868780195713043213e-01 3.164820373058319092e-02 1.214742194861173630e-03 2.011357434093952179e-02 -8.800846524536609650e-03 -3.876053914427757263e-02 2.566264756023883820e-02 -4.531577974557876587e-02 -3.651067987084388733e-02 -7.765093352645635605e-03 -8.041517809033393860e-03 -1.842064596712589264e-02 -2.738633565604686737e-02 -3.095050156116485596e-02
3.090433478355407715e-01 -5.118503794074058533e-02 1.048668265342712402e+00 -1.061543263494968414e-02 -1.658083125948905945e-02 1.022957614623010159e-03 -7.681711763143539429e-02 4.613023623824119568e-02 -1.284136623144149780e-01 -1.049315760610625148e-04 -3.965764492750167847e-02 -7.580867502838373184e-03 -9.377049654722213745e-02 -4.942796379327774048e-02 -5.625025555491447449e-02
1.478175878524780273e+00 -1.834723502397537231e-01 -4.549109935760498047e-02 1.089302062988281250e+00 -6.024876981973648071e-02 -3.921052515506744385e-01 -4.880341887474060059e-01 1.370221935212612152e-02 -5.717178583145141602e-01 -1.149362772703170776e-01 -2.321427017450332642e-01 -3.087760210037231445e-01 -2.781862020492553711e-01 -2.415022999048233032e-01 -5.001211762428283691e-01
4.773688614368438721e-01 -1.289605945348739624e-01 4.227733314037322998e-01 8.536815643310546875e-02 4.180115759372711182e-01 -1.323157455772161484e-02 -1.121734976768493652e-01 9.953746199607849121e-02 -9.800353646278381348e-02 -9.666944853961467743e-03 -1.453664600849151611e-01 -2.100863009691238403e-01 -2.011431902647018433e-01 -1.119281277060508728e-01 -2.763811051845550537e-01
1.507634818553924561e-01 -4.397108033299446106e-02 8.337616175413131714e-02 1.804571598768234253e-02 -2.390214055776596069e-02 2.673380970954895020e-01 -3.979814797639846802e-02 1.005370020866394043e-01 -1.375389695167541504e-01 9.306942112743854523e-03 4.179454222321510315e-02 7.384940981864929199e-03 -8.053069561719894409e-02 -7.823938876390457153e-02 -2.429986931383609772e-02
1.420301944017410278e-01 -1.178128551691770554e-02 2.352345548570156097e-02 6.138174980878829956e-02 -1.223573554307222366e-02 1.816421374678611755e-02 1.419598460197448730e-01 6.628346443176269531e-02 -1.202785000205039978e-01 -2.862553484737873077e-02 3.741272166371345520e-02 -5.847536027431488037e-03 -4.480833560228347778e-02 -7.987549901008605957e-02 -4.105180874466896057e-02
6.721258759498596191e-01 -5.389886349439620972e-02 4.895589500665664673e-02 9.946502000093460083e-02 -2.383911982178688049e-02 -2.456797100603580475e-02 -1.157271340489387512e-01 1.461229175329208374e-01 -1.814851313829421997e-01 -1.218164060264825821e-02 -1.802353374660015106e-02 -5.407526716589927673e-02 -1.053805798292160034e-01 -8.395464718341827393e-02 -1.076625585556030273e-01
1.583034157752990723e+00 1.848922856152057648e-02 -8.951462805271148682e-02 -9.509006887674331665e-02 1.791008859872817993e-01 -4.324451833963394165e-02 2.437459118664264679e-02 -5.076719447970390320e-02 3.734032511711120605e-01 8.714263141155242920e-02 -1.152151525020599365e-01 4.342360198497772217e-01 -1.768637448549270630e-02 -5.675565451383590698e-02 -1.589406579732894897e-01
5.339253544807434082e-01 -1.725664287805557251e-01 5.583772435784339905e-02 1.020448729395866394e-01 -2.827917598187923431e-02 2.293330384418368340e-03 -1.039496883749961853e-01 1.169622913002967834e-01 -1.738753616809844971e-01 5.619466900825500488e-01 -6.687729805707931519e-02 -3.413621708750724792e-02 -1.145510822534561157e-01 -1.173565611243247986e-01 -1.568920910358428955e-01
7.612741738557815552e-02 -3.170602396130561829e-02 3.460359200835227966e-02 5.106279999017715454e-02 -1.475977152585983276e-02 6.583883427083492279e-03 -3.671304136514663696e-02 6.839682906866073608e-02 -1.118497923016548157e-01 -1.943328231573104858e-02 1.720555573701858521e-01 -1.722000166773796082e-02 -5.281894281506538391e-02 -4.472685605287551880e-02 -2.889869734644889832e-02
-2.818505764007568359e-01 -5.569119472056627274e-03 2.871752157807350159e-02 -7.292056828737258911e-02 -9.945806115865707397e-03 5.087722837924957275e-02 2.680324763059616089e-02 3.066485375165939331e-02 -2.273338846862316132e-02 -2.674551215022802353e-03 2.825586684048175812e-02 4.195922017097473145e-01 -1.428862381726503372e-02 -1.092089153826236725e-02 4.192161560058593750e-02
2.262384593486785889e-01 2.752286009490489960e-02 3.445752337574958801e-02 4.719927161931991577e-02 -8.930952288210391998e-03 -3.785694390535354614e-02 -4.328862577676773071e-02 4.357914626598358154e-02 -1.188322529196739197e-01 -5.561225861310958862e-02 5.816817283630371094e-03 -1.705202646553516388e-02 2.061852216720581055e-01 -6.737099587917327881e-02 -4.421029984951019287e-02
3.686708807945251465e-01 -1.867496818304061890e-01 2.261309772729873657e-01 1.239583641290664673e-02 5.852767825126647949e-02 -2.941675186157226562e-01 -3.131805956363677979e-01 -7.131352275609970093e-02 -3.295959830284118652e-01 -1.639224216341972351e-02 -2.167779952287673950e-01 -1.768828481435775757e-01 -2.382959127426147461e-01 4.544102847576141357e-01 -1.646041125059127808e-01
-1.362401008605957031e+00 -3.901859279721975327e-03 5.386926978826522827e-02 -1.847920268774032593e-01 1.544398069381713867e-02 1.765408515930175781e-01 1.877628266811370850e-01 5.459587275981903076e-02 -7.758270204067230225e-02 1.464398112148046494e-02 2.900006473064422607e-01 1.583286225795745850e-01 4.769828915596008301e-02 3.905054181814193726e-02 5.059295892715454102e-01
