-4.388017114251852036e-03 1.105487579479813576e-03 2.472607418894767761e-03 7.168276933953166008e-04 8.411911129951477051e-02 1.141939312219619751e-03 -1.645090196689125150e-05 -2.768530684988945723e-04 8.340447675436735153e-04 -3.254278749227523804e-02 -4.703710437752306461e-04 1.196856494061648846e-03 2.798394998535513878e-03 -7.785031339153647423e-04 -2.159052528440952301e-03
-2.631817944347858429e-03 6.085298373363912106e-04 8.296967716887593269e-04 1.585145364515483379e-04 6.253006309270858765e-02 -5.196883575990796089e-04 -2.103833248838782310e-04 -8.678801823407411575e-04 3.332874330226331949e-04 -1.138201355934143066e-02 -1.110205543227493763e-03 3.260418889112770557e-04 1.519133918918669224e-03 -1.027306658215820789e-03 -1.761396648362278938e-03
3.298285417258739471e-03 4.394669085741043091e-04 5.258995806798338890e-04 1.437505125068128109e-05 -8.984999731183052063e-03 -1.089571043848991394e-03 -5.336710455594584346e-05 -2.214259729953482747e-04 3.953991108573973179e-04 -1.824478618800640106e-02 -1.591052860021591187e-04 8.468158193863928318e-04 1.559547148644924164e-03 3.468868089839816093e-04 7.708139251917600632e-03
8.603091537952423096e-02 4.722336772829294205e-03 2.004626207053661346e-03 1.128984615206718445e-02 -2.575021684169769287e-01 -1.101447548717260361e-02 -2.700882032513618469e-03 5.497319623827934265e-03 6.617445498704910278e-03 -2.096428424119949341e-01 5.547986831516027451e-03 6.110070273280143738e-03 8.575190789997577667e-03 1.148820482194423676e-02 -2.203972451388835907e-02
-3.504192829132080078e-02 1.182707864791154861e-02 9.340456686913967133e-03 4.952192306518554688e-03 7.164990305900573730e-01 5.715161561965942383e-03 -3.351062769070267677e-03 -1.125262118875980377e-02 5.849255714565515518e-03 -4.299674555659294128e-02 -1.513868756592273712e-02 1.470077037811279297e-02 1.531976554542779922e-02 -1.783932559192180634e-02 5.011772364377975464e-02
2.057982143014669418e-03 1.332183135673403740e-03 9.717657812871038914e-04 7.565233972854912281e-04 -1.435256004333496094e-02 -5.100782145746052265e-04 9.528320515528321266e-04 1.293560198973864317e-04 4.472554428502917290e-04 6.096756458282470703e-02 4.679533303715288639e-04 1.479164231568574905e-03 1.480144099332392216e-03 2.613659016788005829e-04 1.292292401194572449e-02
-4.776562855113297701e-04 8.432422764599323273e-04 1.462479820474982262e-03 2.018454833887517452e-04 -7.101147901266813278e-03 -7.304979953914880753e-05 3.463891625870019197e-04 1.423057983629405499e-04 4.417184100020676851e-04 7.539728283882141113e-02 5.970008205622434616e-04 1.472557429224252701e-03 1.049957354553043842e-03 5.676526925526559353e-04 1.682922802865505219e-02
5.260581965558230877e-04 1.105390605516731739e-03 1.286575803533196449e-03 2.570554788690060377e-04 -5.268838722258806229e-03 3.305392747279256582e-04 6.270434241741895676e-04 3.541096521075814962e-04 5.957765388302505016e-04 3.452336043119430542e-02 9.105324861593544483e-04 1.544546568766236305e-03 1.893496257252991199e-03 3.497044090181589127e-04 7.884402759373188019e-03
2.195890806615352631e-02 9.542301297187805176e-03 3.952260129153728485e-03 7.685324642807245255e-03 -2.254918813705444336e-01 -1.220904756337404251e-03 -3.370529972016811371e-03 1.061814557760953903e-02 8.215038105845451355e-03 -2.665929496288299561e-02 8.970999158918857574e-03 7.059487514197826385e-03 1.105210464447736740e-02 8.052204735577106476e-03 -3.313915431499481201e-02
-5.901749059557914734e-02 1.092311274260282516e-02 3.320388495922088623e-02 2.486073644831776619e-04 3.354614600539207458e-02 7.285112515091896057e-03 9.062009863555431366e-03 2.506880788132548332e-03 4.706471692770719528e-03 7.566877007484436035e-01 9.597611613571643829e-03 1.494287885725498199e-02 1.055434532463550568e-02 1.439628843218088150e-02 8.886545151472091675e-02
8.151736110448837280e-04 1.148928422480821609e-03 8.337110630236566067e-04 6.940532475709915161e-04 -1.382969040423631668e-02 1.019173301756381989e-03 -2.090827183565124869e-04 3.133679565507918596e-04 1.101092435419559479e-03 -1.929394155740737915e-02 9.309555753134191036e-05 2.597273094579577446e-03 1.912860199809074402e-03 4.553636608761735260e-05 5.294325947761535645e-02
-4.816665779799222946e-03 1.268328982405364513e-03 1.335067092441022396e-03 6.922048050910234451e-04 -2.094914671033620834e-03 6.356762023642659187e-04 1.014969820971600711e-04 -2.373817405896261334e-04 6.401120335794985294e-04 1.567345671355724335e-02 -1.570754102431237698e-05 2.172378124669194221e-03 1.508123823441565037e-03 4.020404885523021221e-04 4.792025685310363770e-02
8.708312176167964935e-03 8.331286953762173653e-04 3.725241986103355885e-04 9.195572347380220890e-04 -6.683812476694583893e-03 -5.009323940612375736e-04 1.023000731947831810e-04 5.693690618500113487e-04 9.080828167498111725e-04 -3.003266267478466034e-02 4.968827706761658192e-04 5.018198862671852112e-04 2.649386413395404816e-03 2.713759895414113998e-04 -4.203036427497863770e-03
9.336791932582855225e-02 2.981703495606780052e-03 -5.283865612000226974e-04 5.122101865708827972e-03 -2.300554364919662476e-01 -1.428207568824291229e-02 -2.332817763090133667e-03 -8.968633483164012432e-04 -2.008037990890443325e-04 -1.804797053337097168e-01 6.490885745733976364e-03 -1.730832809698767960e-05 7.863316684961318970e-03 8.391525596380233765e-03 -9.581878781318664551e-02
-6.507829576730728149e-02 5.553779192268848419e-03 9.314278140664100647e-03 2.548585413023829460e-03 3.557753190398216248e-02 1.713838241994380951e-02 6.385758984833955765e-03 3.803052473813295364e-03 5.071373190730810165e-03 3.104270808398723602e-02 1.681604771874845028e-03 1.908413320779800415e-02 2.969104098156094551e-03 1.766704255715012550e-03 4.684003889560699463e-01
