4.975983174517750740e-04 2.971215290017426014e-04 5.600636941380798817e-04 -1.190768205560743809e-03 1.798823708668351173e-03 2.132863592123612761e-04 8.085565059445798397e-04 1.353060244582593441e-03 -6.609151605516672134e-04 1.555105554871261120e-03 2.396638039499521255e-03 5.129040800966322422e-04 -5.122309084981679916e-04 9.549430687911808491e-04 7.180329994298517704e-04
2.388183958828449249e-03 5.562469013966619968e-04 -2.846816787496209145e-04 2.825998235493898392e-04 4.458260955289006233e-04 1.016997266560792923e-03 2.280186163261532784e-03 3.299282165244221687e-03 3.196706529706716537e-04 3.348926780745387077e-03 3.973018843680620193e-03 1.129627460613846779e-03 1.253766240552067757e-03 2.373583381995558739e-03 1.921945833601057529e-03
2.670488320291042328e-03 1.719039573799818754e-04 8.363267988897860050e-05 -1.082565213437192142e-04 1.483472064137458801e-03 9.967858204618096352e-04 2.402360783889889717e-03 2.233664039522409439e-03 1.712573575787246227e-04 2.466647187247872353e-03 3.591209882870316505e-03 1.752402284182608128e-03 1.075186650268733501e-03 2.343032043427228928e-03 1.862954697571694851e-03
3.368301084265112877e-03 1.456752943340688944e-04 2.524973126128315926e-03 -4.465007223188877106e-04 1.302296482026576996e-02 -9.265852859243750572e-04 2.649584086611866951e-03 1.404064334928989410e-02 -8.885155548341572285e-04 1.356455031782388687e-02 1.499625761061906815e-02 1.030433643609285355e-02 4.354200791567564011e-03 1.059528533369302750e-02 3.364363918080925941e-03
-4.180081933736801147e-02 1.706267334520816803e-02 1.332886144518852234e-02 -3.196260705590248108e-02 3.048290684819221497e-02 -2.687156945466995239e-02 -2.475206553936004639e-02 -2.312298677861690521e-02 -3.058174252510070801e-02 -2.141917869448661804e-02 -1.693451404571533203e-02 -2.554524317383766174e-02 -2.331984601914882660e-02 -2.959306724369525909e-02 -2.627702057361602783e-02
5.497221718542277813e-04 6.144043290987610817e-04 -2.838217478711158037e-04 -5.686588119715452194e-04 1.683806069195270538e-03 2.558089036028832197e-04 1.274729380384087563e-03 1.439319690689444542e-03 -9.405163582414388657e-04 1.656039035879075527e-03 2.041707979515194893e-03 8.790001738816499710e-04 -1.283553865505382419e-04 -1.212536662933416665e-04 2.232870756415650249e-04
7.853182614780962467e-04 4.809492093045264482e-04 1.517471100669354200e-04 -1.101650530472397804e-03 1.604596967808902264e-03 6.095857243053615093e-04 1.065998687408864498e-03 1.577075920067727566e-03 -8.811705629341304302e-04 2.856800798326730728e-03 3.260715631768107414e-03 1.401085639372467995e-03 -3.218748024664819241e-04 1.068489975295960903e-03 1.163569861091673374e-03
9.095469722524285316e-04 4.845444927923381329e-04 5.770333227701485157e-04 -9.262618841603398323e-04 2.052189782261848450e-03 6.227356498129665852e-04 1.960259163752198219e-03 1.586568774655461311e-03 -9.588746470399200916e-04 1.837498159147799015e-03 3.685687202960252762e-03 1.173851895146071911e-03 2.407014835625886917e-04 8.466493454761803150e-04 6.849878700450062752e-04
1.952041988261044025e-03 3.950688522309064865e-03 3.490506904199719429e-03 -5.503222346305847168e-03 1.141058560460805893e-02 4.958420176990330219e-04 2.619806444272398949e-03 1.842441968619823456e-02 7.791282405378296971e-05 1.020432636141777039e-02 1.618524082005023956e-02 6.974105723202228546e-03 4.645326640456914902e-03 5.872250767424702644e-04 -4.742656310554593801e-04
1.140974368900060654e-02 1.927293924381956458e-04 1.806752115953713655e-04 2.741794567555189133e-03 7.736858911812305450e-03 1.007410325109958649e-02 1.595542952418327332e-02 1.478691678494215012e-02 4.596423357725143433e-03 1.495461538434028625e-02 1.910927332937717438e-02 1.341772917658090591e-02 8.371821604669094086e-03 1.186510641127824783e-02 1.259265374392271042e-02
1.994322054088115692e-03 8.519857656210660934e-04 1.004128171189222485e-05 -5.864584236405789852e-04 2.147224498912692070e-03 1.578867202624678612e-03 2.076377160847187042e-03 1.959226559847593307e-03 -2.847842988558113575e-04 2.538035158067941666e-03 3.587962593883275986e-03 2.528243465349078178e-03 5.432341131381690502e-04 1.152332639321684837e-03 1.842574332840740681e-03
3.943904303014278412e-04 1.097744214348495007e-03 2.624666667543351650e-04 -1.355598215013742447e-03 1.627560006454586983e-03 -8.570624777348712087e-05 9.616258903406560421e-04 9.742406546138226986e-04 -7.103033130988478661e-04 1.488390844315290451e-03 2.670111833140254021e-03 6.037415587343275547e-04 -1.616130612092092633e-04 9.596475283615291119e-04 1.039910013787448406e-03
7.765184855088591576e-04 5.579472635872662067e-04 7.041848220978863537e-06 -3.781699051614850760e-04 2.222844865173101425e-03 5.670278333127498627e-04 1.065408112481236458e-03 2.171502215787768364e-03 -1.950211153598502278e-04 1.915364526212215424e-03 2.477602101862430573e-03 1.011735643260180950e-03 1.142571680247783661e-03 8.301766356453299522e-04 5.906959413550794125e-04
1.079059671610593796e-03 1.393467304296791553e-03 2.195221313741058111e-04 -1.621774630621075630e-03 1.249261293560266495e-02 -2.147482009604573250e-03 -2.844666130840778351e-03 3.194520482793450356e-03 -7.705989759415388107e-03 1.038167625665664673e-02 7.673911284655332565e-03 4.187811166048049927e-03 -9.265837725251913071e-04 6.845481693744659424e-03 5.518572870641946793e-03
1.338897179812192917e-02 8.679073653183877468e-04 -1.882858457975089550e-03 -1.264420454390347004e-03 6.478121504187583923e-03 9.041454643011093140e-03 1.588400267064571381e-02 1.426660828292369843e-02 3.924693446606397629e-03 1.656500808894634247e-02 2.012971974909305573e-02 1.256675552576780319e-02 4.322799853980541229e-03 9.764537215232849121e-03 1.251480448991060257e-02
