-1.461009378544986248e-04 2.640995662659406662e-04 -1.406314404448494315e-04 3.965934447478502989e-04 7.242448191391304135e-05 1.661170826992020011e-04 4.747247148770838976e-04 4.616595979314297438e-04 -6.636932375840842724e-04 2.534833911340683699e-04 1.239220029674470425e-03 -6.439875869546085596e-05 7.396540022455155849e-04 2.232145925518125296e-05 -9.129469253821298480e-05
-2.826218842528760433e-04 1.230979978572577238e-04 -6.052423850633203983e-04 1.518923236289992929e-04 -2.182703232392668724e-03 1.352697727270424366e-04 7.963427342474460602e-04 7.196999504230916500e-04 -1.902281946968287230e-04 7.977451314218342304e-04 1.246572704985737801e-03 -1.435511658200994134e-04 1.092599821276962757e-03 3.086610813625156879e-04 5.891881301067769527e-04
2.292317658429965377e-04 3.080818860325962305e-04 -6.153499125503003597e-04 6.347893504425883293e-04 -9.923037141561508179e-04 -1.420712796971201897e-04 1.071458798833191395e-03 3.502611070871353149e-04 -6.270770099945366383e-04 2.641841711010783911e-04 1.174261793494224548e-03 2.788114361464977264e-04 1.319251838140189648e-03 2.201236384280491620e-05 1.181511688628233969e-04
-6.803452502936124802e-03 3.149866824969649315e-03 -2.110642381012439728e-03 7.335379254072904587e-03 7.006585132330656052e-03 -3.463326720520853996e-03 2.318690530955791473e-03 8.655317127704620361e-03 -4.663012456148862839e-03 4.776185378432273865e-03 2.316893544048070908e-03 6.188007537275552750e-03 1.174462027847766876e-02 -4.767154809087514877e-03 -4.538623150438070297e-03
3.698146902024745941e-03 1.979302987456321716e-02 4.190014209598302841e-03 -6.229036487638950348e-03 5.387606099247932434e-02 -3.457885235548019409e-03 -1.439121086150407791e-03 -3.127058036625385284e-03 -8.605754002928733826e-03 -2.354166936129331589e-03 4.986618660041131079e-05 -4.297315608710050583e-03 1.447966042906045914e-02 -1.064553763717412949e-02 -1.008556224405765533e-02
-2.742708602454513311e-04 2.197806315962225199e-04 -9.418997797183692455e-04 8.741377387195825577e-04 -7.037615287117660046e-04 4.089222056791186333e-04 1.106339739635586739e-03 6.469320505857467651e-04 -4.786088829860091209e-04 6.927955546416342258e-04 1.089422497898340225e-03 5.319150513969361782e-04 1.186366309411823750e-03 -6.243332754820585251e-04 -1.204637883347459137e-04
-1.637370442040264606e-04 5.240447353571653366e-04 -5.659512244164943695e-04 1.810544199543073773e-04 -3.675324842333793640e-04 2.825604460667818785e-04 4.146822902839630842e-04 2.919820253737270832e-04 -5.537760443985462189e-04 1.154983299784362316e-03 1.240712124854326248e-03 4.157663206569850445e-04 9.767034789547324181e-04 -5.419991430244408548e-05 1.631227787584066391e-04
1.241765276063233614e-04 7.251518545672297478e-04 -2.038719103438779712e-04 2.741515527304727584e-05 1.073575229384005070e-03 1.209686015499755740e-04 9.238042403012514114e-04 1.238661789102479815e-04 -8.896171348169445992e-04 2.587617200333625078e-04 1.405570306815207005e-03 2.548870397731661797e-04 1.117744133807718754e-03 -2.708871907088905573e-04 -3.609830746427178383e-04
-5.380311049520969391e-03 8.181517012417316437e-03 -1.925028627738356590e-03 4.899230320006608963e-03 8.747634477913379669e-03 -2.879012608900666237e-03 -2.530053898226469755e-04 1.250629965215921402e-02 -6.931365001946687698e-03 -5.637068534269928932e-04 6.030875258147716522e-03 2.979846205562353134e-03 1.585844717919826508e-02 -9.850173257291316986e-03 -8.990268222987651825e-03
-2.270889934152364731e-03 1.663811737671494484e-03 -1.664377748966217041e-03 3.239271172787994146e-04 -7.994184270501136780e-04 1.688074553385376930e-03 5.602080374956130981e-03 2.636200748383998871e-03 -3.823947336059063673e-04 2.434870461001992226e-03 4.794062580913305283e-03 2.927553607150912285e-03 5.073140840977430344e-03 -4.180962278041988611e-04 1.579318195581436157e-03
5.045379512012004852e-04 1.322032068856060505e-03 -6.088438676670193672e-04 4.942720988765358925e-05 1.482951483922079206e-04 5.229029920883476734e-04 4.682062135543674231e-04 -1.833694295783061534e-05 -4.421931516844779253e-04 6.027719355188310146e-04 1.651952625252306461e-03 8.551305509172379971e-04 1.323092496022582054e-03 -3.612791479099541903e-04 2.317817416042089462e-04
9.864068852039054036e-05 1.270185108296573162e-03 -6.108088418841362000e-04 -7.806930807419121265e-05 -1.009249011985957623e-03 -1.698901032796129584e-04 9.926781058311462402e-04 7.073563028825446963e-05 -5.413149483501911163e-04 3.579994663596153259e-04 1.695043989457190037e-03 1.131886165239848197e-04 1.258935080841183662e-03 -1.500926155131310225e-04 5.182087188586592674e-04
-7.640364347025752068e-04 5.099545815028250217e-04 -7.351046078838407993e-04 1.131906989030539989e-03 3.708234580699354410e-04 1.181753104901872575e-04 7.033952861092984676e-04 1.188831985928118229e-03 -4.753102548420429230e-04 4.062532389070838690e-04 9.316562209278345108e-04 3.283669066149741411e-04 2.707057865336537361e-03 -6.787881138734519482e-04 -8.037193911150097847e-04
-3.187296679243445396e-03 3.287676488980650902e-03 -8.126313914544880390e-04 1.124300621449947357e-02 3.751515410840511322e-03 -1.963822171092033386e-03 -9.575493750162422657e-04 2.264425624161958694e-03 -6.816425360739231110e-03 5.424896371550858021e-04 7.550406153313815594e-04 6.403623265214264393e-04 1.258178055286407471e-02 -1.586291764397174120e-04 -2.306320704519748688e-03
2.051837975159287453e-03 3.348928643390536308e-03 -3.570655593648552895e-03 -3.445618320256471634e-03 1.163326320238411427e-03 5.731382407248020172e-04 6.079874467104673386e-03 1.497574034146964550e-03 -8.061410044319927692e-04 4.428221844136714935e-03 8.287010714411735535e-03 2.416764153167605400e-03 2.879926236346364021e-03 -1.300145522691309452e-03 2.451377920806407928e-03
