4.218672513961791992e-01 -9.702309221029281616e-02 -7.413434237241744995e-02 5.857433378696441650e-02 -1.676558889448642731e-02 -3.511964902281761169e-02 -6.080322898924350739e-03 -5.689805746078491211e-02 3.701048791408538818e-01 1.570806056261062622e-01
-3.866471722722053528e-02 3.019303381443023682e-01 3.448259830474853516e-01 -1.176837552338838577e-02 -3.523548319935798645e-02 -4.402140155434608459e-02 -2.091531455516815186e-02 -7.035269518382847309e-04 1.149554178118705750e-02 -2.127999998629093170e-02
-1.906483992934226990e-02 -7.645989209413528442e-02 3.432005345821380615e-01 -3.239610046148300171e-02 -6.834480166435241699e-02 -4.605539888143539429e-02 -5.107333883643150330e-02 1.466367542743682861e-01 4.413982629776000977e-01 -7.317920029163360596e-02
1.479633804410696030e-02 -1.220048684626817703e-02 -8.028545416891574860e-03 4.820224642753601074e-01 -1.384878996759653091e-02 2.059182897210121155e-02 -1.358254905790090561e-02 -2.770003164187073708e-03 -1.397263444960117340e-02 -2.197571331635117531e-03
2.351471781730651855e-02 -7.230816874653100967e-03 1.175932493060827255e-02 -1.815869472920894623e-02 -4.562584683299064636e-03 -6.097853649407625198e-03 -9.164456278085708618e-03 -3.133078571408987045e-03 1.497419178485870361e-01 3.016388742253184319e-03
-7.544020656496286392e-03 5.246819928288459778e-03 1.287860143929719925e-02 5.209178328514099121e-01 -1.928754895925521851e-02 5.054177716374397278e-02 -1.588642783463001251e-02 -3.792363684624433517e-03 -2.084668539464473724e-02 -2.704442106187343597e-02
2.086289227008819580e-01 -1.197369955480098724e-02 -1.328730955719947815e-02 3.173726052045822144e-02 -6.534655112773180008e-03 -7.566710934042930603e-03 1.773365400731563568e-02 -2.744457218796014786e-03 2.848963625729084015e-02 9.891100227832794189e-03
9.619922190904617310e-02 -1.810983382165431976e-02 1.480604987591505051e-03 5.035054869949817657e-03 -1.334183569997549057e-02 1.251237245014635846e-05 3.297853982076048851e-03 2.542828023433685303e-02 2.091618999838829041e-02 7.092225551605224609e-02
3.084674850106239319e-02 -3.883384168148040771e-02 2.452136762440204620e-02 -2.204279787838459015e-02 -1.078897342085838318e-02 -1.112260483205318451e-02 -3.132424503564834595e-02 -8.660284802317619324e-03 4.661040604114532471e-01 2.871619304642081261e-03
-1.183107122778892517e-02 -1.557742618024349213e-02 -1.069657690823078156e-02 2.039440162479877472e-02 -1.288304105401039124e-02 3.279943019151687622e-02 -1.261564623564481735e-02 -1.120788161642849445e-03 -1.253848150372505188e-02 6.145126223564147949e-01
