9.844043254852294922e-01 1.051380276679992676e+00 1.034909248352050781e+00 1.014463067054748535e+00 7.854058146476745605e-01 1.021646499633789062e+00 1.023533821105957031e+00 9.728565812110900879e-01 1.010472416877746582e+00 7.891821265220642090e-01
1.001730918884277344e+00 1.030386924743652344e+00 1.025983572006225586e+00 1.026764988899230957e+00 7.908005714416503906e-01 1.005500197410583496e+00 1.003979086875915527e+00 9.925237894058227539e-01 1.019914269447326660e+00 7.992053031921386719e-01
9.983108043670654297e-01 1.033894777297973633e+00 1.026034712791442871e+00 1.027144551277160645e+00 7.988845109939575195e-01 9.885824918746948242e-01 1.023351073265075684e+00 1.015323162078857422e+00 1.029947400093078613e+00 7.937920093536376953e-01
1.027803301811218262e+00 1.044383645057678223e+00 1.048092126846313477e+00 1.022830128669738770e+00 8.171034455299377441e-01 1.053709864616394043e+00 1.051748752593994141e+00 1.033507227897644043e+00 1.015906453132629395e+00 7.945332527160644531e-01
1.040263533592224121e+00 1.037505507469177246e+00 1.032467007637023926e+00 1.027257442474365234e+00 8.205938935279846191e-01 1.013230919837951660e+00 1.029465317726135254e+00 1.048027515411376953e+00 1.024010300636291504e+00 8.029449582099914551e-01
9.954582452774047852e-01 1.030728578567504883e+00 1.052431344985961914e+00 1.033211708068847656e+00 8.062211871147155762e-01 1.046470761299133301e+00 1.047242641448974609e+00 9.837965369224548340e-01 1.038118004798889160e+00 8.092148303985595703e-01
1.036037564277648926e+00 1.054133057594299316e+00 1.030872225761413574e+00 1.042031645774841309e+00 8.140564560890197754e-01 1.027793049812316895e+00 1.038323521614074707e+00 1.016412258148193359e+00 1.039040327072143555e+00 8.000531792640686035e-01
1.022780418395996094e+00 1.062936425209045410e+00 1.050727963447570801e+00 1.045143008232116699e+00 8.095490336418151855e-01 1.030397415161132812e+00 1.036543369293212891e+00 1.011807680130004883e+00 1.040048956871032715e+00 8.152509331703186035e-01
1.008728146553039551e+00 1.033505916595458984e+00 1.071075916290283203e+00 1.034518718719482422e+00 8.391227722167968750e-01 1.071255564689636230e+00 1.066773176193237305e+00 1.043751597404479980e+00 1.042868733406066895e+00 8.168261647224426270e-01
1.064659595489501953e+00 1.067100524902343750e+00 1.057273626327514648e+00 1.043040394783020020e+00 8.276437520980834961e-01 1.115385293960571289e+00 1.106091618537902832e+00 1.072232007980346680e+00 1.044129610061645508e+00 8.222670555114746094e-01
