-4.226234741508960724e-03 -1.232063048519194126e-03 -5.342288408428430557e-03 -1.443924102932214737e-02 8.569943904876708984e-02 -4.474647808820009232e-03 -2.078025136142969131e-03 -4.333919845521450043e-03 -1.344318315386772156e-02 -2.733797300606966019e-03
-4.495870787650346756e-03 -1.316963898716494441e-04 -4.375210497528314590e-03 -1.288212556391954422e-02 7.502182573080062866e-02 -3.615996800363063812e-03 -1.464669941924512386e-03 -2.236193744465708733e-03 -9.512028656899929047e-03 -2.497964072972536087e-03
-2.133582951501011848e-03 -3.112415550276637077e-03 -6.576344836503267288e-03 -7.874811068177223206e-03 2.626569382846355438e-02 -5.278861615806818008e-03 -3.578951349481940269e-03 -2.850164892151951790e-03 -1.122899167239665985e-02 -4.349372815340757370e-03
-2.776944451034069061e-02 -1.053156144917011261e-02 -1.307616569101810455e-02 9.202209115028381348e-02 -6.141562014818191528e-02 -1.364756282418966293e-02 2.043908461928367615e-02 -4.771471489220857620e-03 -8.084243535995483398e-02 -3.969162330031394958e-02
3.956042602658271790e-02 6.680337339639663696e-02 1.582601666450500488e-02 -1.493212878704071045e-01 1.087170720100402832e+00 -6.071622017771005630e-03 -1.475590933114290237e-02 -4.575901199132204056e-03 -3.755514323711395264e-02 2.225438132882118225e-02
-4.785740282386541367e-03 -1.779125072062015533e-03 -5.774748511612415314e-03 -1.351121347397565842e-02 5.440951883792877197e-02 -3.302516648545861244e-03 2.114858012646436691e-03 2.098148223012685776e-03 -2.681618090718984604e-03 -1.350566511973738670e-03
-1.764575252309441566e-03 -1.778875594027340412e-03 -4.568347707390785217e-03 -9.402706287801265717e-03 3.052027523517608643e-02 -2.801185008138418198e-03 4.099837387911975384e-04 3.191574709489941597e-03 -2.595539204776287079e-03 -3.090468468144536018e-03
-2.618522150442004204e-03 -5.072468426078557968e-03 -6.740300450474023819e-03 -9.626862592995166779e-03 9.032016620039939880e-03 -4.387001041322946548e-03 -3.154269885271787643e-03 8.560304995626211166e-04 9.418685294804163277e-06 -4.459816496819257736e-03
-6.332685798406600952e-02 -2.824413962662220001e-02 -3.402963280677795410e-02 -7.230383902788162231e-02 -9.173612110316753387e-03 -1.044469699263572693e-02 -2.009929344058036804e-02 3.128710389137268066e-02 7.437885552644729614e-02 -2.465301007032394409e-02
2.799427881836891174e-02 8.901941590011119843e-03 8.475847542285919189e-03 -8.493205159902572632e-02 2.519188523292541504e-01 7.733923196792602539e-02 3.204588592052459717e-02 9.913526475429534912e-02 3.892674297094345093e-02 1.164330542087554932e-01
