2.497835861249036449e-01 3.935662924143882441e-02 9.003435258640961614e-01 1.944921361195277865e-01 7.902794964595510896e-01 4.033206831466470965e-02 1.989373484013929605e-01 5.434844118794553980e-01 2.912564845354762011e-01 1.536362821638930509e-01
1.203932796957738263e-02 2.663260189826880397e-01 9.003440084280087685e-01 1.375293824914817775e-01 8.160414420547627001e-01 1.042638737593866785e-02 0.000000000000000000e+00 5.443871161504114653e-01 2.879880410368126364e-01 1.387930750743301134e-01
0.000000000000000000e+00 0.000000000000000000e+00 9.002554016847448271e-01 0.000000000000000000e+00 7.727508340762526684e-01 0.000000000000000000e+00 0.000000000000000000e+00 4.920927754308978552e-01 2.008957841508025033e-01 2.291829570810234931e-02
2.805268724371603323e-02 3.216658101155379923e-02 9.002792693940039337e-01 3.144118411086919695e-01 7.882626573378684887e-01 1.463678318045066873e-01 1.651406937084860110e-02 5.433327158481051633e-01 2.939865164227029037e-01 1.573400023139326642e-01
0.000000000000000000e+00 0.000000000000000000e+00 9.002536326166216130e-01 0.000000000000000000e+00 7.757414963525846030e-01 0.000000000000000000e+00 0.000000000000000000e+00 5.002267598920384639e-01 2.137184579466467338e-01 3.971592824025719365e-02
4.624979584035461555e-02 3.385221419832164930e-02 9.002997760372971614e-01 4.297054848944770189e-02 7.905635988848280782e-01 7.351528264939874435e-02 6.010093378136908970e-02 5.481017965443469864e-01 3.031837833906388946e-01 1.750305867211210675e-01
3.802312936112654529e-01 8.306917469064693804e-03 9.003093498567470432e-01 6.375430399083123478e-02 7.869878812471109431e-01 3.421418565035733161e-02 1.648566377840727515e-01 5.335188849240724007e-01 2.730568799180622119e-01 1.327135710189127071e-01
0.000000000000000000e+00 0.000000000000000000e+00 9.002914122985836709e-01 0.000000000000000000e+00 7.808193496907357423e-01 0.000000000000000000e+00 0.000000000000000000e+00 5.789031642103352748e-01 2.413250224987050219e-01 7.279897340133897887e-02
0.000000000000000000e+00 0.000000000000000000e+00 9.002839794335766310e-01 0.000000000000000000e+00 7.867867476441928742e-01 0.000000000000000000e+00 0.000000000000000000e+00 5.313645357707551531e-01 3.066742635314830823e-01 2.668064477542132495e-01
9.755644006183910102e-03 3.335331636184676526e-03 9.002541823859224746e-01 1.582515942426946862e-02 7.900542514847086473e-01 4.005984283071446078e-02 1.169311209907755549e-02 5.413167339540720935e-01 2.954767585711785549e-01 1.664010855983876491e-01
