-4.412363748997449875e-03 -2.185543999075889587e-03 -1.654158462770283222e-03 -3.015584079548716545e-03 2.268168702721595764e-02 -3.074693959206342697e-03 -2.707518870010972023e-03 -9.943537879735231400e-04 -2.616906305775046349e-03 -2.514492720365524292e-02 -1.187010784633457661e-03 -2.565941307693719864e-03 -1.912437961436808109e-03 -1.878296723589301109e-03 1.631621271371841431e-02
-4.802112467586994171e-03 -1.853935420513153076e-03 -1.489477348513901234e-03 -3.268542699515819550e-03 2.523590251803398132e-02 -3.297366434708237648e-03 -2.848674077540636063e-03 -4.129931039642542601e-04 -2.306053414940834045e-03 -3.328348696231842041e-02 -1.298120710998773575e-03 -2.794998465105891228e-03 -1.320004463195800781e-03 -1.391748432070016861e-03 9.492872282862663269e-03
-8.930146694183349609e-03 -1.774230739101767540e-03 -1.328405807726085186e-03 -2.426022896543145180e-03 1.459949836134910583e-02 -2.849779091775417328e-03 -2.310967538505792618e-03 -4.131065215915441513e-04 -1.951264333911240101e-03 -1.209673658013343811e-02 -1.066790893673896790e-03 -1.641617272980511189e-03 -1.639938331209123135e-03 -1.237440155819058418e-03 1.544542331248521805e-02
4.309867508709430695e-03 3.090504324063658714e-03 4.952144343405961990e-03 4.679880570620298386e-03 -6.176878139376640320e-02 -6.573896389454603195e-03 -2.442579716444015503e-03 8.606845512986183167e-03 3.523726714774966240e-03 -1.115223541855812073e-01 5.064792465418577194e-03 4.508226644247770309e-03 3.904264885932207108e-03 6.042135879397392273e-03 -1.096386648714542389e-02
-2.032211124897003174e-01 -7.530701905488967896e-02 -7.328993827104568481e-02 -8.580694347620010376e-02 9.703156352043151855e-01 -7.572954148054122925e-02 -7.077145576477050781e-02 -5.129834264516830444e-02 -7.432638108730316162e-02 -2.587127033621072769e-03 -6.681041419506072998e-02 -7.867829501628875732e-02 -4.129473492503166199e-02 -6.388673186302185059e-02 5.224272236227989197e-02
-4.085848107933998108e-03 -7.844366482459008694e-04 -1.046379329636693001e-03 -1.636397559195756912e-03 8.896930143237113953e-03 -1.742439111694693565e-03 -1.397997024469077587e-03 -5.167085328139364719e-04 -1.281723845750093460e-03 4.277606308460235596e-02 -2.268924581585451961e-04 -9.967862861230969429e-04 -8.629649528302252293e-04 -9.585451916791498661e-04 2.777914516627788544e-02
-8.592474274337291718e-03 -7.563490653410553932e-04 -8.036885992623865604e-04 -2.089849906042218208e-03 9.711995720863342285e-03 -1.778931822627782822e-03 -1.647105324082076550e-03 -5.614786059595644474e-04 -1.289689447730779648e-03 3.966807946562767029e-02 9.656496695242822170e-05 -9.956653229892253876e-04 -1.111818593926727772e-03 -6.702095270156860352e-04 2.559279650449752808e-02
-6.601037923246622086e-03 -1.003513694740831852e-03 -7.152253529056906700e-04 -2.449055667966604233e-03 9.439904242753982544e-03 -1.888258033432066441e-03 -1.569948974065482616e-03 -4.643705324269831181e-04 -1.268153544515371323e-03 2.368119359016418457e-02 2.377374185016378760e-04 -1.015445566736161709e-03 -1.430718111805617809e-03 -7.775009726174175739e-04 2.523569390177726746e-02
-5.570495501160621643e-02 3.589216154068708420e-03 6.642252672463655472e-03 2.899350831285119057e-03 -6.384281814098358154e-02 -4.891028162091970444e-03 -2.711102832108736038e-03 1.295287441462278366e-02 4.058505408465862274e-03 -1.900052726268768311e-01 5.685153417289257050e-03 4.005440045148134232e-03 4.477829206734895706e-03 4.276245832443237305e-03 -1.607039943337440491e-02
2.617682516574859619e-02 -4.000382032245397568e-03 -1.273380313068628311e-02 -3.904654830694198608e-02 -7.899899967014789581e-03 -1.668646745383739471e-02 -1.180835813283920288e-02 -3.696179762482643127e-02 -7.367853540927171707e-03 5.599662065505981445e-01 4.732843488454818726e-03 -1.043398119509220123e-02 -2.093694172799587250e-02 -5.858311895281076431e-03 8.431053720414638519e-03
-3.852921305224299431e-03 -1.278809388168156147e-03 -1.259045558981597424e-03 -2.596131758764386177e-03 1.103244069963693619e-02 -1.985953422263264656e-03 -1.539809512905776501e-03 -2.806042029988020658e-04 -1.454336801543831825e-03 -8.752967230975627899e-03 3.120425972156226635e-04 -1.031178864650428295e-03 -1.194857642985880375e-03 -7.758478750474750996e-04 3.964913263916969299e-02
-5.012372508645057678e-03 -1.265115337446331978e-03 -1.229024957865476608e-03 -2.089198678731918335e-03 9.657004848122596741e-03 -2.542800037190318108e-03 -1.925361575558781624e-03 -7.457454194081947207e-05 -1.469979295507073402e-03 -1.546572148799896240e-02 -3.081756876781582832e-04 -1.364984316751360893e-03 -1.270210486836731434e-03 -8.232992840930819511e-04 3.699099272489547729e-02
-4.424205049872398376e-03 -8.653677650727331638e-04 -8.317677420563995838e-04 -1.516681280918419361e-03 1.168834790587425232e-02 -1.858666772022843361e-03 -1.455310266464948654e-03 3.322743286844342947e-04 -1.374374493025243282e-03 -1.336898840963840485e-02 2.277791936649009585e-04 -1.041412819176912308e-03 -9.532606782158836722e-05 -7.740973378531634808e-04 4.055720195174217224e-02
1.558759622275829315e-02 6.677689962089061737e-03 6.701385136693716049e-03 5.753540899604558945e-03 -6.206524744629859924e-02 2.490684273652732372e-04 1.720529748126864433e-03 8.474155329167842865e-03 3.613580018281936646e-03 -1.293436884880065918e-01 8.725299499928951263e-03 7.023481652140617371e-03 7.455096580088138580e-03 7.500452455133199692e-03 3.385519236326217651e-02
-6.300986744463443756e-03 -2.905467897653579712e-02 -4.024919867515563965e-02 -4.808120429515838623e-02 -2.689501503482460976e-03 -3.402372077107429504e-02 -2.000461146235466003e-02 -1.473655551671981812e-02 -3.869035094976425171e-02 8.376319706439971924e-02 -5.104511510580778122e-03 -3.277021646499633789e-02 -3.387922421097755432e-02 -2.800477668642997742e-02 3.144280314445495605e-01
