3.042413443633480985e-01 7.828187875990500367e-05 1.157089495475012789e-02 1.194350552153825989e-01 3.533138007628293109e-01 2.037220875581409528e-04 2.327726238111325341e-01 6.758687401980267850e-02 3.311373362069185977e-01 2.431125848743013740e-01
0.000000000000000000e+00 3.592200729302535978e-01 3.695778025864208671e-01 4.757865553585413632e-02 2.951735341433204818e-01 0.000000000000000000e+00 7.368271457637248778e-02 1.311969105026367273e-02 0.000000000000000000e+00 1.770824821045772845e-05
0.000000000000000000e+00 0.000000000000000000e+00 4.385681966174870272e-01 3.315817635096290905e-02 2.761439368142804551e-01 0.000000000000000000e+00 5.121451226587805244e-02 1.743174911043124109e-01 5.568957708714947774e-01 0.000000000000000000e+00
5.464380287133409515e-03 0.000000000000000000e+00 0.000000000000000000e+00 2.920873967429972740e-01 2.156718332011317574e-01 4.012958221365559713e-02 4.807572569702234255e-04 2.133759466293852318e-03 0.000000000000000000e+00 8.243097451711881019e-03
1.643933690330430519e-02 4.853431536362712122e-03 2.146156546346251678e-02 1.591368534210509068e-03 2.599709052633805695e-01 3.723088897624063885e-03 0.000000000000000000e+00 3.628916382617832642e-03 8.330216502717494031e-02 3.691530641403911045e-03
2.553690570822824725e-03 2.028279940598946840e-02 2.787904279841698849e-02 4.440500971742355474e-01 2.477482072686352232e-01 7.229707111138505837e-02 4.590246386461306616e-02 1.421663855728835281e-02 0.000000000000000000e+00 0.000000000000000000e+00
1.142791218240195861e-01 1.126156661670264791e-02 0.000000000000000000e+00 1.997993864214787224e-02 2.446843047964027684e-01 1.032766750823403343e-02 1.159011049630438162e-01 1.982963609239743463e-02 0.000000000000000000e+00 6.710416362322949718e-03
5.803294447658712690e-02 9.758400473290899935e-03 9.808140736248914179e-03 3.166254062982679779e-02 2.585184221924768933e-01 5.270608704936945166e-03 7.225389846221717816e-02 6.425785046918414123e-02 3.612299889322903319e-03 2.764817027114768039e-02
2.815881226928660871e-02 5.884528902092948932e-03 4.691229182193627084e-02 2.717088497497414934e-02 3.010444927720902775e-01 2.837196470769960937e-03 4.384732062783362749e-02 3.915404191848521377e-03 3.294545374514138980e-01 1.516333753855635501e-07
0.000000000000000000e+00 0.000000000000000000e+00 0.000000000000000000e+00 1.288082816777598970e-02 2.019978350978862136e-01 3.397340185738807056e-02 0.000000000000000000e+00 0.000000000000000000e+00 0.000000000000000000e+00 6.376368154656536502e-01
