5.450262427330017090e-01 8.058609068393707275e-02 2.136938460171222687e-02 -3.926204144954681396e-02 5.787342786788940430e-03 -3.456685319542884827e-02 -3.148657083511352539e-02 -6.025159358978271484e-02 -1.541556324809789658e-02 1.021292805671691895e-01
1.212667971849441528e-01 3.022581040859222412e-01 6.162924692034721375e-02 -2.058568038046360016e-02 2.618047408759593964e-02 -2.437876164913177490e-02 -2.198482863605022430e-02 -2.090719994157552719e-03 -1.655497937463223934e-03 6.628169119358062744e-02
2.861307747662067413e-02 2.239575386047363281e-01 3.616393804550170898e-01 -1.746898703277111053e-02 3.751084581017494202e-02 -4.808461666107177734e-02 -1.273987907916307449e-02 -2.809843234717845917e-02 1.914575695991516113e-01 1.098306700587272644e-01
-1.273048692382872105e-03 -8.759116381406784058e-02 -7.319081574678421021e-02 4.227950051426887512e-02 -7.574738003313541412e-03 2.793080173432826996e-02 2.042622677981853485e-02 2.530577033758163452e-02 -7.418244332075119019e-02 -7.278624922037124634e-02
2.469700761139392853e-02 1.584574207663536072e-02 8.892091922461986542e-03 -7.684438955038785934e-03 2.964565753936767578e-01 -8.935908786952495575e-03 -1.240984816104173660e-02 -7.564147002995014191e-03 -6.776003167033195496e-03 1.810457929968833923e-02
4.584517795592546463e-03 -7.621260732412338257e-02 -8.749534934759140015e-02 6.302326172590255737e-02 -3.950726985931396484e-02 4.194785282015800476e-02 2.573663555085659027e-02 3.656339272856712341e-02 -7.454044371843338013e-02 -7.872454822063446045e-02
6.037961225956678391e-03 -1.947362348437309265e-02 -3.886415436863899231e-02 3.430591523647308350e-02 -2.701925113797187805e-02 1.993065327405929565e-02 1.360439043492078781e-02 2.296442724764347076e-02 -4.814008623361587524e-02 -3.444273397326469421e-02
2.897493541240692139e-03 1.612085103988647461e-02 -1.081818807870149612e-02 4.968700557947158813e-02 -3.194377943873405457e-02 1.877127401530742645e-02 1.545170880854129791e-02 2.862504124641418457e-02 -4.651030153036117554e-02 -2.823798730969429016e-02
-2.090954035520553589e-02 9.850983321666717529e-02 1.523457467555999756e-01 -1.275774743407964706e-02 2.117274887859821320e-02 -1.417089346796274185e-02 1.535323215648531914e-03 -1.463173329830169678e-02 2.658372521400451660e-01 4.981475695967674255e-02
7.696301490068435669e-02 3.351789712905883789e-02 9.235726669430732727e-03 -1.235179137438535690e-02 1.664232648909091949e-02 -6.106431595981121063e-03 -1.826411485671997070e-02 -1.615120843052864075e-02 -7.842696271836757660e-03 2.315510809421539307e-01
