6.315514445304870605e-01 1.132501140236854553e-01 -1.162935346364974976e-01 -8.272327482700347900e-02 2.419794723391532898e-02 3.533509001135826111e-02 7.432417571544647217e-02 3.221955616027116776e-03 -1.232520118355751038e-01 1.320262104272842407e-01
2.115830034017562866e-01 5.905467867851257324e-01 3.698512166738510132e-02 -1.051859259605407715e-01 -6.810061633586883545e-03 -2.111667999997735023e-03 6.593770533800125122e-02 2.253211662173271179e-02 -5.585662275552749634e-02 1.055906042456626892e-01
-6.415814906358718872e-02 2.159945517778396606e-01 4.758573174476623535e-01 -2.292389050126075745e-02 4.700770601630210876e-02 1.283824536949396133e-02 2.010850049555301666e-02 8.298204280436038971e-03 4.077169597148895264e-01 8.652196079492568970e-02
-7.415013015270233154e-02 -8.883938938379287720e-02 -1.464784890413284302e-01 5.006724596023559570e-02 -3.756302595138549805e-02 6.856378912925720215e-02 6.096528470516204834e-02 7.536146789789199829e-02 -1.164511367678642273e-01 -1.184438839554786682e-01
-2.540610358119010925e-02 -2.709196414798498154e-03 -2.104647643864154816e-02 -2.991372905671596527e-02 3.165042400360107422e-01 -2.080223755910992622e-03 1.658787368796765804e-03 -6.362610496580600739e-03 -3.822520002722740173e-02 -8.668739348649978638e-03
-9.523198753595352173e-02 -1.251049041748046875e-01 -2.328572422266006470e-01 6.518474221229553223e-02 -7.066502422094345093e-02 9.834346175193786621e-02 8.720915764570236206e-02 9.624113142490386963e-02 -1.838284283876419067e-01 -1.634133905172348022e-01
2.573704533278942108e-02 -4.434233997017145157e-03 -1.008508503437042236e-01 2.267478406429290771e-02 -2.675438672304153442e-02 5.776016414165496826e-02 6.239070370793342590e-02 6.610585749149322510e-02 -9.402050822973251343e-02 -3.865807503461837769e-02
3.487931936979293823e-02 2.201013453304767609e-02 -1.104925572872161865e-01 2.362773753702640533e-02 -2.909394726157188416e-02 6.733980029821395874e-02 7.230912894010543823e-02 8.593853563070297241e-02 -9.850548952817916870e-02 -4.073379188776016235e-02
3.209888935089111328e-02 1.094534397125244141e-01 2.113244533538818359e-01 -2.287298627197742462e-02 2.366598509252071381e-02 1.205224078148603439e-02 2.764440700411796570e-02 1.416034623980522156e-02 2.013673633337020874e-01 4.545817524194717407e-02
1.513573825359344482e-01 5.987256392836570740e-02 -2.398315630853176117e-02 -3.597073629498481750e-02 -1.459914166480302811e-02 1.211412344127893448e-02 1.619728654623031616e-02 1.579397916793823242e-02 -7.241547107696533203e-02 2.937812507152557373e-01
