6.477764807641506195e-03 2.979830314870923758e-04 -1.325512770563364029e-03 5.753356497734785080e-03 4.920583451166749001e-04 -1.057089655660092831e-03 6.882548332214355469e-03 -2.101493300870060921e-03 2.634176518768072128e-03 -1.218063291162252426e-02 2.664606552571058273e-03 -1.608766906429082155e-04 -5.426144925877451897e-04 2.613517572171986103e-04 -1.170168165117502213e-02
7.842482998967170715e-03 -4.139938973821699619e-04 -2.035517478361725807e-03 7.403387222439050674e-03 -2.643891784828156233e-04 -1.663000788539648056e-03 9.105368517339229584e-03 -3.677035449072718620e-03 3.142744768410921097e-03 -1.080722920596599579e-02 2.707542385905981064e-03 -8.472152985632419586e-04 -1.610317383892834187e-03 2.467408012307714671e-05 -1.517990138381719589e-02
2.031098352745175362e-03 -9.474481339566409588e-04 -1.838751602917909622e-03 4.951480776071548462e-03 -9.812099160626530647e-04 -2.017113380134105682e-03 5.414663814008235931e-03 -3.170507960021495819e-03 2.039805054664611816e-03 -2.441870048642158508e-03 1.572306849993765354e-03 -8.339930209331214428e-04 -2.189553109928965569e-03 -2.410063898423686624e-04 -3.790916642174124718e-03
2.122577466070652008e-02 -8.552306331694126129e-03 -1.393142249435186386e-02 3.354068845510482788e-02 -7.145200390368700027e-03 -1.361591462045907974e-02 3.757571056485176086e-02 -2.125209011137485504e-02 1.404934655874967575e-02 -6.588063389062881470e-02 7.230367511510848999e-03 -7.642461918294429779e-03 -1.285016722977161407e-02 1.239217352122068405e-03 -7.136118412017822266e-02
1.445673406124114990e-02 4.875258542597293854e-03 -2.988339634612202644e-03 3.965391591191291809e-02 1.134440023452043533e-02 -1.093121478334069252e-03 5.063667148351669312e-02 -3.047185484319925308e-03 2.043100260198116302e-02 -2.001863718032836914e-01 1.935323141515254974e-02 3.933907486498355865e-03 9.613233618438243866e-03 7.656946312636137009e-03 -1.471475362777709961e-01
2.899804525077342987e-02 -1.094407052733004093e-04 -1.710940035991370678e-03 3.433864330872893333e-03 -8.259628666564822197e-04 -1.591516658663749695e-03 3.158436389639973640e-03 -2.979510463774204254e-03 1.437657047063112259e-03 4.112625867128372192e-02 7.740645669400691986e-04 -6.939513259567320347e-04 -2.221426693722605705e-03 -4.268572374712675810e-04 -8.714479394257068634e-03
2.414017356932163239e-02 -1.595609792275354266e-04 -1.808807486668229103e-03 5.092553328722715378e-03 -4.786920035257935524e-04 -1.289696549065411091e-03 5.469853058457374573e-03 -3.270530374720692635e-03 2.321144798770546913e-03 3.149563446640968323e-02 1.516633783467113972e-03 -5.581873119808733463e-04 -2.549550263211131096e-03 -1.013661239994689822e-04 -1.507560163736343384e-02
2.262789011001586914e-02 1.631160412216559052e-04 -1.149570918641984463e-03 4.241506569087505341e-03 -4.564587925415253267e-06 -1.098268781788647175e-03 4.046107176691293716e-03 -2.051715506240725517e-03 2.002339111641049385e-03 1.402869168668985367e-02 1.772918505594134331e-03 -1.453053118893876672e-04 -9.862494189292192459e-04 7.190716860350221395e-05 -1.273338310420513153e-02
2.448004670441150665e-02 -2.222309820353984833e-03 -9.883605875074863434e-03 3.169610351324081421e-02 -2.421697136014699936e-03 -9.131177328526973724e-03 3.590554744005203247e-02 -1.333256624639034271e-02 1.635191775858402252e-02 -1.127797365188598633e-01 1.090605836361646652e-02 -3.319332143291831017e-03 -5.975612439215183258e-03 2.367441076785326004e-03 -1.210902780294418335e-01
9.911209344863891602e-03 3.117924556136131287e-03 1.056753192096948624e-02 -6.535793654620647430e-03 3.952552098780870438e-03 -3.396209329366683960e-03 -2.369015011936426163e-03 3.952943661715835333e-04 1.428629038855433464e-03 7.681302428245544434e-01 -7.847004453651607037e-04 -4.889772390015423298e-04 -1.184988417662680149e-03 -4.032047465443611145e-03 -3.624742617830634117e-03
7.849818095564842224e-03 -4.185584839433431625e-04 -6.618032348342239857e-04 3.325684228911995888e-03 -5.540181882679462433e-04 -1.597365597262978554e-03 3.058941802009940147e-03 -2.580633619800209999e-03 1.683280919678509235e-03 -8.436115458607673645e-03 1.024265657179057598e-03 -7.501209038309752941e-04 -2.096664858981966972e-03 -1.782283943612128496e-04 1.617555506527423859e-02
4.497560206800699234e-03 -1.061905757524073124e-03 -1.725571812130510807e-03 3.801330691203474998e-03 -1.374358427710831165e-03 -2.148858038708567619e-03 3.534879535436630249e-03 -3.372117178514599800e-03 1.468063448555767536e-03 4.265286042937077582e-05 7.898691110312938690e-04 -1.163930632174015045e-03 -2.606274792924523354e-03 -5.710900877602398396e-04 7.970814593136310577e-03
1.013171765953302383e-02 -5.834323819726705551e-04 -1.921103335916996002e-03 4.852790851145982742e-03 -8.043004781939089298e-04 -1.969041768461465836e-03 5.331973079591989517e-03 -3.376604756340384483e-03 1.907848054543137550e-03 1.640320639126002789e-03 1.466958783566951752e-03 -1.141122076660394669e-03 -2.006364287808537483e-03 -3.821343998424708843e-04 -3.740115091204643250e-03
1.054032817482948303e-01 -4.282894078642129898e-03 -1.228139083832502365e-02 3.296531736850738525e-02 -3.221052465960383415e-03 -1.030553504824638367e-02 3.876650705933570862e-02 -1.871769316494464874e-02 1.360906101763248444e-02 -6.398448348045349121e-02 1.056283246725797653e-02 -5.105700343847274780e-03 -8.844248950481414795e-03 1.060873386450111866e-03 -1.126624345779418945e-01
-1.240089908242225647e-01 3.533688141033053398e-03 2.793932333588600159e-03 6.513555999845266342e-03 1.327315997332334518e-02 -4.004637303296476603e-04 1.615121029317378998e-02 -7.260340265929698944e-03 6.261759903281927109e-03 -3.056306950747966766e-02 3.826508997008204460e-03 9.202030487358570099e-03 -1.833651447668671608e-03 -8.753548609092831612e-04 5.681055784225463867e-01
