9.618668556213378906e-01 1.096082568168640137e+00 1.003602743148803711e+00 9.287365078926086426e-01 1.205456972122192383e+00 8.673822283744812012e-01 9.411324262619018555e-01 1.182986855506896973e+00 1.086515665054321289e+00 1.007959723472595215e+00
9.638313055038452148e-01 1.098101735115051270e+00 1.012009859085083008e+00 9.307349920272827148e-01 1.207867264747619629e+00 8.693936467170715332e-01 9.430780410766601562e-01 1.185056686401367188e+00 1.088182330131530762e+00 1.010215044021606445e+00
9.653561711311340332e-01 1.099819660186767578e+00 1.016048192977905273e+00 9.322596192359924316e-01 1.209819555282592773e+00 8.710142374038696289e-01 9.446812272071838379e-01 1.186208367347717285e+00 1.090066313743591309e+00 1.011809110641479492e+00
9.667854905128479004e-01 1.101074814796447754e+00 1.018960714340209961e+00 9.335913658142089844e-01 1.210624337196350098e+00 8.723033666610717773e-01 9.459547400474548340e-01 1.187899470329284668e+00 1.091519951820373535e+00 1.013074278831481934e+00
9.681335687637329102e-01 1.102455377578735352e+00 1.015544295310974121e+00 9.349379539489746094e-01 1.211774230003356934e+00 8.736303448677062988e-01 9.473828673362731934e-01 1.189336419105529785e+00 1.092669010162353516e+00 1.014344096183776855e+00
9.694308042526245117e-01 1.103647112846374512e+00 1.017498016357421875e+00 9.362060427665710449e-01 1.213159441947937012e+00 8.747624754905700684e-01 9.485853910446166992e-01 1.190713405609130859e+00 1.093756198883056641e+00 1.015526533126831055e+00
9.711108207702636719e-01 1.105211615562438965e+00 1.020449280738830566e+00 9.378120303153991699e-01 1.214446902275085449e+00 8.764613270759582520e-01 9.502642750740051270e-01 1.192232012748718262e+00 1.095568776130676270e+00 1.017235279083251953e+00
9.720736145973205566e-01 1.106284379959106445e+00 1.018376946449279785e+00 9.388341903686523438e-01 1.215644478797912598e+00 8.774991631507873535e-01 9.512778520584106445e-01 1.193068385124206543e+00 1.096685767173767090e+00 1.018364429473876953e+00
9.734284877777099609e-01 1.107801198959350586e+00 1.024438738822937012e+00 9.401555061340332031e-01 1.217721462249755859e+00 8.788318634033203125e-01 9.525622725486755371e-01 1.194306731224060059e+00 1.097840785980224609e+00 1.019624352455139160e+00
9.753131866455078125e-01 1.109331250190734863e+00 1.027332663536071777e+00 9.420423507690429688e-01 1.218690395355224609e+00 8.805622458457946777e-01 9.544019699096679688e-01 1.196001291275024414e+00 1.099390506744384766e+00 1.021347880363464355e+00
