8.317032456398010254e-01 2.782743424177169800e-03 1.760412752628326416e-02 -3.335244953632354736e-02 -1.464611012488603592e-02 4.782719165086746216e-02 8.248286321759223938e-03 2.077051252126693726e-02 -2.368724904954433441e-02 -2.739878371357917786e-03 1.686920411884784698e-02 8.793594315648078918e-03 -3.487211465835571289e-02 -2.391363307833671570e-02 -2.599472878500819206e-03
1.467259228229522705e-01 1.223988160490989685e-01 4.144195839762687683e-02 2.782474970445036888e-03 1.242634747177362442e-02 6.645821500569581985e-03 1.826238632202148438e-02 1.585616962984204292e-03 -3.017117967829108238e-03 -7.907985709607601166e-03 1.370163261890411377e-02 2.629790641367435455e-02 4.326466843485832214e-02 -1.748765935190021992e-03 -1.090505253523588181e-02
3.788687288761138916e-01 3.212384879589080811e-02 9.183722734451293945e-02 3.805618034675717354e-03 1.772964186966419220e-02 2.496073395013809204e-02 6.463412195444107056e-02 3.733721747994422913e-02 -1.096105016767978668e-02 -8.238236419856548309e-03 1.238781027495861053e-02 -8.066551759839057922e-03 -6.486234720796346664e-03 1.163048436865210533e-03 -3.003926016390323639e-02
3.950829505920410156e+00 -5.174405574798583984e-01 -1.691399067640304565e-01 8.832548260688781738e-01 -1.530072689056396484e-01 2.289214581251144409e-01 2.526563107967376709e-01 2.922137379646301270e-01 4.225632175803184509e-02 2.608651854097843170e-02 2.917458489537239075e-02 -3.429864048957824707e-01 -3.562844395637512207e-01 -2.164844870567321777e-01 -2.035603821277618408e-01
4.694243967533111572e-01 7.369948923587799072e-02 1.042969673871994019e-01 7.109449058771133423e-02 3.284769058227539062e-01 5.405805259943008423e-02 6.247801333665847778e-02 7.814702391624450684e-02 -3.918945044279098511e-02 2.435172535479068756e-02 2.173886401578783989e-03 -5.166855454444885254e-02 3.638123348355293274e-02 2.885233797132968903e-02 -5.381126329302787781e-02
8.105430603027343750e-01 -7.599510252475738525e-02 2.451093494892120361e-02 3.557999059557914734e-02 1.538363052532076836e-03 3.610534965991973877e-01 6.643053889274597168e-02 1.309991031885147095e-01 -5.549315735697746277e-02 5.401418358087539673e-02 5.509021133184432983e-02 -6.267990916967391968e-02 -8.805138617753982544e-02 -5.651002377271652222e-02 -3.090730868279933929e-03
1.919466555118560791e-01 -1.498404517769813538e-02 3.728621080517768860e-02 2.374369651079177856e-02 -2.817332861013710499e-04 3.079994954168796539e-02 2.498279511928558350e-01 8.355818688869476318e-02 7.837116718292236328e-03 1.399631332606077194e-02 4.755436966661363840e-04 -3.928711265325546265e-02 -2.200042642652988434e-02 -1.510531734675168991e-02 -2.216949872672557831e-02
4.155379831790924072e-01 -5.737631022930145264e-02 3.487752750515937805e-02 2.054519951343536377e-02 1.231998112052679062e-02 9.136959910392761230e-02 1.222659647464752197e-01 2.805940508842468262e-01 -1.577392220497131348e-02 7.874470949172973633e-02 1.157601550221443176e-02 -1.031395122408866882e-01 -8.554842323064804077e-02 -2.044106461107730865e-02 -5.573568493127822876e-02
2.240430355072021484e+00 3.521828353404998779e-02 -1.206370815634727478e-01 8.675833791494369507e-02 -2.210924774408340454e-01 -1.319959908723831177e-01 1.285836249589920044e-01 4.611000791192054749e-02 5.957767367362976074e-01 -2.189165912568569183e-02 -1.295480132102966309e-01 1.466123163700103760e-01 1.138364300131797791e-01 -2.159380167722702026e-01 -1.039696559309959412e-01
1.005295157432556152e+00 -3.179145753383636475e-01 -2.815687470138072968e-02 -9.397059329785406590e-04 4.078648611903190613e-02 3.000607192516326904e-01 1.057821512222290039e-02 4.084595143795013428e-01 -1.673181653022766113e-01 6.536668539047241211e-01 -6.729226559400558472e-03 -4.464606940746307373e-01 -1.596245616674423218e-01 9.090275317430496216e-02 -7.921133190393447876e-03
5.412173271179199219e-01 6.369815673679113388e-03 4.563505761325359344e-03 1.080427318811416626e-02 2.550577512010931969e-03 5.789934471249580383e-02 -2.857570769265294075e-03 3.826025873422622681e-03 -4.165489599108695984e-02 -1.634623669087886810e-02 1.942954659461975098e-01 5.666676536202430725e-02 1.002945192158222198e-02 -1.308764051645994186e-02 2.972707897424697876e-02
3.434935212135314941e-01 4.669973254203796387e-02 1.521747559309005737e-03 9.821691550314426422e-03 1.597732189111411572e-03 7.976787164807319641e-03 -1.520307175815105438e-02 -1.243841089308261871e-02 -9.770825505256652832e-03 -2.132438123226165771e-02 3.852198645472526550e-02 1.712775230407714844e-01 6.807932257652282715e-02 -1.428427547216415405e-02 2.400762774050235748e-02
3.439597487449645996e-01 5.017696693539619446e-02 1.665693335235118866e-02 1.294004917144775391e-02 -2.715131035074591637e-03 8.953736163675785065e-03 1.926507242023944855e-02 -2.549693919718265533e-03 1.695869723334908485e-03 -2.177716791629791260e-02 4.652939364314079285e-02 6.079161167144775391e-02 1.594873964786529541e-01 -1.538238767534494400e-02 -9.193828329443931580e-03
2.205258607864379883e+00 2.061512023210525513e-01 1.715736389160156250e-01 -3.257700800895690918e-01 -1.188931912183761597e-01 -4.608321189880371094e-01 -1.808097362518310547e-01 -3.198678791522979736e-01 -2.641326487064361572e-01 7.546554505825042725e-02 7.692285627126693726e-02 -1.077871844172477722e-01 -4.904460161924362183e-02 8.156739473342895508e-01 -2.296051979064941406e-01
3.900957822799682617e+00 -2.567187845706939697e-01 -2.469562590122222900e-01 1.550141423940658569e-01 -1.709380894899368286e-01 2.504583597183227539e-01 -3.542174100875854492e-01 -3.326419368386268616e-02 -2.565551996231079102e-01 2.255058661103248596e-02 1.894944310188293457e-01 3.951742947101593018e-01 3.758169114589691162e-01 -2.038881778717041016e-01 8.345322012901306152e-01
