-4.641101734796559334e-04 1.822520592242908230e-02 6.583625956770142174e-02 -1.422571948562572752e-03 -8.031970828590157246e-04 3.956579005698661056e-01 8.902075405174307565e-02 1.752816084715281830e-01 2.171018727244004021e-01 -8.134598854148165437e-04
1.139504192976187325e+00 4.019768849278994582e-01 6.331457109991854570e-02 -3.574473761116456205e-03 4.042277622043984886e-01 1.177263728476565796e-01 2.004524627445083453e-03 1.314018822663053261e-02 7.237015683120449905e-02 5.607490527545890349e-04
-4.858429410834136180e-04 8.055684783665424675e-02 5.413488224239695334e-01 8.185578165338059861e-04 1.370205074429558384e-02 5.539455045056727867e-03 3.294687426522630580e-01 3.731247948930072750e-02 1.367563217342269207e-03 -1.649664851675647663e-04
4.040700435726145290e-02 4.641342592882406748e-02 4.234342099946070831e-02 2.915659883391280571e-01 7.298810166145203837e+00 7.181644754946574949e+00 9.150812413978467674e+00 1.524923022235132042e-02 2.335927615478135821e-01 1.319671005371264756e-03
3.553728924409343737e+00 3.062192212531351654e+00 3.510258762808425859e-01 3.586113219239951688e-02 6.319492434635136657e-01 4.315284403908488109e-01 -1.913660968656992966e-04 -4.879695350397581476e-04 -4.819256327839366826e-03 -1.077585179825416321e-03
5.899741818281825645e-02 3.739317801550443715e-02 1.927676702648785639e-03 -2.892082843562313998e-03 5.070613573359299409e-01 2.049458789187965202e+00 5.858284568411036286e-01 -4.833391632193622355e-04 9.180399971561955565e-04 -3.745796312927471283e-04
3.637470509509507094e-02 2.895329499232536241e-01 5.916140712130973922e-02 -3.374050230264969384e-03 1.530582481958828005e-02 1.143615273449553535e-02 -2.262930810895988180e-04 -3.802645826330629470e-04 4.869274528203165926e-03 2.331954367176929388e-01
1.179810117861165297e+00 4.273378651486867130e-02 -2.868442369535940820e-06 6.229786066823599783e-03 1.056737784665112874e-02 1.890623697613642330e-03 1.900520107673913106e-01 2.017785636788387849e-01 1.690711796200358163e-01 7.546135935615703172e-01
1.315635355706206155e+00 3.526822112550362931e+00 9.764761653291390009e-03 1.126276559499444385e+00 2.148137180548877756e-01 7.577834588185832221e-01 1.503343564331292681e+00 1.418303849984819065e+00 1.911665528523347701e+00 3.837060045874218228e-01
3.919124737124879410e-02 3.569416546759112574e+00 -4.762078487692480034e-04 -4.939536019407438777e-03 7.107831427421561904e-05 4.039287690414445464e+00 3.021480765010165381e+00 3.128797585666640568e-01 -4.974402148288578629e-03 6.041348850137049364e-01
