1.038146376609802246e+00 1.046640634536743164e+00 1.036722660064697266e+00 1.025859236717224121e+00 8.129135966300964355e-01 1.022281646728515625e+00 1.048073649406433105e+00 1.041470646858215332e+00 1.026530146598815918e+00 8.114629387855529785e-01 1.015437483787536621e+00 1.026315808296203613e+00 1.024756431579589844e+00 1.024742603302001953e+00 8.022999763488769531e-01
1.039666175842285156e+00 1.052150487899780273e+00 1.041150569915771484e+00 1.028437018394470215e+00 8.153511285781860352e-01 1.027338981628417969e+00 1.050761103630065918e+00 1.043365240097045898e+00 1.029885888099670410e+00 8.145504593849182129e-01 1.017408609390258789e+00 1.027030467987060547e+00 1.028491735458374023e+00 1.026678204536437988e+00 8.051758408546447754e-01
1.042514681816101074e+00 1.051471829414367676e+00 1.042658329010009766e+00 1.031291484832763672e+00 8.169311285018920898e-01 1.030095100402832031e+00 1.051524043083190918e+00 1.047057986259460449e+00 1.032527804374694824e+00 8.169266581535339355e-01 1.017326474189758301e+00 1.029875993728637695e+00 1.029381036758422852e+00 1.029466032981872559e+00 8.068235516548156738e-01
1.043190479278564453e+00 1.052529692649841309e+00 1.045907616615295410e+00 1.032899022102355957e+00 8.188652396202087402e-01 1.029182314872741699e+00 1.055852174758911133e+00 1.050644516944885254e+00 1.034472942352294922e+00 8.184068799018859863e-01 1.020769596099853516e+00 1.031997561454772949e+00 1.033223390579223633e+00 1.031291484832763672e+00 8.090640306472778320e-01
1.045210361480712891e+00 1.054926156997680664e+00 1.045321941375732422e+00 1.035779714584350586e+00 8.202975988388061523e-01 1.030657768249511719e+00 1.056979894638061523e+00 1.050323009490966797e+00 1.036581039428710938e+00 8.204071521759033203e-01 1.023684382438659668e+00 1.036077499389648438e+00 1.034983277320861816e+00 1.033627867698669434e+00 8.103829026222229004e-01
1.050624132156372070e+00 1.057135343551635742e+00 1.048848748207092285e+00 1.037334680557250977e+00 8.235318660736083984e-01 1.032205224037170410e+00 1.060468316078186035e+00 1.054505586624145508e+00 1.039199233055114746e+00 8.230094313621520996e-01 1.027780771255493164e+00 1.041209936141967773e+00 1.034395575523376465e+00 1.035498976707458496e+00 8.128153085708618164e-01
1.053019404411315918e+00 1.065204024314880371e+00 1.050236940383911133e+00 1.039047360420227051e+00 8.248971104621887207e-01 1.034346461296081543e+00 1.062346696853637695e+00 1.056222319602966309e+00 1.040680527687072754e+00 8.252295255661010742e-01 1.030414700508117676e+00 1.037847042083740234e+00 1.041956663131713867e+00 1.038117408752441406e+00 8.153171539306640625e-01
1.054201960563659668e+00 1.062295317649841309e+00 1.051111459732055664e+00 1.041504502296447754e+00 8.266845941543579102e-01 1.041085720062255859e+00 1.060948967933654785e+00 1.057606577873229980e+00 1.042691707611083984e+00 8.269888162612915039e-01 1.027092576026916504e+00 1.037390589714050293e+00 1.039314746856689453e+00 1.038671612739562988e+00 8.161087036132812500e-01
1.057134270668029785e+00 1.062396287918090820e+00 1.054295301437377930e+00 1.043290853500366211e+00 8.285813331604003906e-01 1.038289189338684082e+00 1.064948201179504395e+00 1.059411525726318359e+00 1.044560790061950684e+00 8.282765150070190430e-01 1.031059145927429199e+00 1.041571378707885742e+00 1.042981266975402832e+00 1.041607618331909180e+00 8.188418149948120117e-01
1.057462811470031738e+00 1.064938187599182129e+00 1.054970860481262207e+00 1.046430826187133789e+00 8.310502171516418457e-01 1.042933225631713867e+00 1.068300843238830566e+00 1.060316681861877441e+00 1.047188639640808105e+00 8.310748338699340820e-01 1.035323023796081543e+00 1.042780041694641113e+00 1.044726490974426270e+00 1.044101595878601074e+00 8.214750885963439941e-01
1.063685894012451172e+00 1.068102836608886719e+00 1.059520840644836426e+00 1.048680305480957031e+00 8.343498706817626953e-01 1.043890237808227539e+00 1.069512128829956055e+00 1.062375903129577637e+00 1.049264430999755859e+00 8.329174518585205078e-01 1.035733819007873535e+00 1.050685882568359375e+00 1.044560909271240234e+00 1.046147584915161133e+00 8.236674070358276367e-01
1.068398356437683105e+00 1.070279240608215332e+00 1.062214851379394531e+00 1.049948215484619141e+00 8.356597423553466797e-01 1.048052430152893066e+00 1.072424173355102539e+00 1.065513849258422852e+00 1.051596522331237793e+00 8.357498645782470703e-01 1.040481328964233398e+00 1.047619462013244629e+00 1.049239993095397949e+00 1.048407793045043945e+00 8.258442878723144531e-01
1.072157979011535645e+00 1.072863936424255371e+00 1.062064290046691895e+00 1.052774190902709961e+00 8.366045951843261719e-01 1.048405885696411133e+00 1.073456883430480957e+00 1.065734624862670898e+00 1.054087162017822266e+00 8.380399346351623535e-01 1.038522124290466309e+00 1.047464251518249512e+00 1.049600243568420410e+00 1.049971222877502441e+00 8.274123072624206543e-01
1.074827551841735840e+00 1.072936296463012695e+00 1.065096616744995117e+00 1.053462743759155273e+00 8.398029804229736328e-01 1.049645662307739258e+00 1.076873183250427246e+00 1.068868875503540039e+00 1.055073022842407227e+00 8.389260172843933105e-01 1.041972398757934570e+00 1.053174495697021484e+00 1.052226543426513672e+00 1.052018642425537109e+00 8.296496868133544922e-01
1.077511429786682129e+00 1.076894521713256836e+00 1.065513014793395996e+00 1.055841326713562012e+00 8.414462208747863770e-01 1.051711678504943848e+00 1.075747370719909668e+00 1.072266221046447754e+00 1.057089805603027344e+00 8.415635824203491211e-01 1.045188903808593750e+00 1.055649161338806152e+00 1.055459499359130859e+00 1.054399967193603516e+00 8.317496180534362793e-01
