-1.326271057128906250e+00 -4.544765055179595947e-01 -4.278435516357421875e+01 -8.836670219898223877e-02 -1.369676113128662109e+00 -3.973791301250457764e-01 2.500619739294052124e-02 -2.472871065139770508e+00 -1.046477079391479492e+00 -1.793542504310607910e+00
-1.633319616317749023e+00 -5.224115252494812012e-01 -1.662075805664062500e+01 -2.480983287096023560e-01 -2.728592395782470703e+00 -6.408479213714599609e-01 -4.059166312217712402e-01 -1.910803794860839844e+00 -1.001978158950805664e+00 -1.592835545539855957e+00
-4.247666001319885254e-01 -1.426813304424285889e-01 -3.349138736724853516e+00 -3.796051442623138428e-02 -8.717826604843139648e-01 -1.267941296100616455e-01 -9.029641002416610718e-02 -5.086907148361206055e-01 -2.397219687700271606e-01 -4.327378273010253906e-01
-7.238653898239135742e-01 -2.494556605815887451e-01 -1.373349952697753906e+01 -2.776649035513401031e-02 -1.021822810173034668e+00 -2.024055570363998413e-01 -4.669370129704475403e-02 -1.087753057479858398e+00 -4.842354953289031982e-01 -8.357878923416137695e-01
-1.823349893093109131e-01 -6.175363436341285706e-02 -7.714873552322387695e-01 -1.586766541004180908e-02 -3.626228272914886475e-01 -5.732880532741546631e-02 -3.985054045915603638e-02 -1.992246657609939575e-01 -9.819202870130538940e-02 -1.623440235853195190e-01
-6.446604132652282715e-01 -2.255602031946182251e-01 -6.480115413665771484e+00 -4.269529134035110474e-02 -1.065374612808227539e+00 -1.932967454195022583e-01 -7.777571678161621094e-02 -8.566157817840576172e-01 -3.959507942199707031e-01 -7.417294383049011230e-01
-2.167036294937133789e+00 -7.054803967475891113e-01 -7.230166625976562500e+01 -1.080705150961875916e-01 -1.460561037063598633e+00 -5.970491766929626465e-01 -5.334991589188575745e-02 -4.227497577667236328e+00 -1.599067687988281250e+00 -2.494343042373657227e+00
-7.454667985439300537e-02 -2.504992485046386719e-02 -6.000603437423706055e-01 -4.165110643953084946e-03 -1.156750172376632690e-01 -2.131507359445095062e-02 -1.819670200347900391e-02 -7.578174769878387451e-02 -3.009498119354248047e-02 -6.286156922578811646e-02
-2.116314619779586792e-01 -7.402814179658889771e-02 -1.096151947975158691e+00 -7.473569829016923904e-03 -3.752138316631317139e-01 -5.427121743559837341e-02 -4.419209063053131104e-02 -2.199937552213668823e-01 -8.706994354724884033e-02 -1.675323545932769775e-01
-3.519695997238159180e-01 -1.218346506357192993e-01 -2.246685266494750977e+00 -1.584964245557785034e-02 -7.081795930862426758e-01 -9.418468177318572998e-02 -6.039489060640335083e-02 -4.107386469841003418e-01 -1.809750944375991821e-01 -3.493731617927551270e-01
