6.301660835742950439e-02 4.410311579704284668e-02 2.591004129499197006e-03 2.490681596100330353e-03 -7.396376226097345352e-03 2.186171710491180420e-02 1.674169674515724182e-02 7.044758182018995285e-03 4.277812782675027847e-03 1.980737550184130669e-03
-8.359698578715324402e-03 5.086962878704071045e-02 5.405840929597616196e-03 4.743385594338178635e-03 -6.832876242697238922e-03 5.043642595410346985e-02 1.263623940758407116e-03 -3.162448294460773468e-03 4.947448614984750748e-03 -1.438608160242438316e-03
3.783272579312324524e-02 7.449649274349212646e-02 -2.129342872649431229e-03 3.059507114812731743e-03 -1.184765342622995377e-02 4.729262366890907288e-02 -4.405087605118751526e-02 1.567221595905721188e-03 3.228455549106001854e-03 1.106345211155712605e-03
1.689203232526779175e-01 6.701721251010894775e-02 -9.726018644869327545e-03 3.013029508292675018e-02 -3.809314221143722534e-02 2.778750956058502197e-01 2.548474259674549103e-02 -6.227142643183469772e-03 4.755682311952114105e-03 -4.296017810702323914e-03
9.816350340843200684e-01 1.493830561637878418e+00 2.093160897493362427e-01 1.400775369256734848e-02 2.142227590084075928e-01 4.413145780563354492e-02 -3.974676504731178284e-02 2.153001539409160614e-02 2.170983515679836273e-02 1.844516396522521973e-02
6.296596676111221313e-02 3.626948595046997070e-02 2.384211802564095706e-05 3.440309083089232445e-03 -1.037241145968437195e-02 3.520460426807403564e-02 -1.761523657478392124e-03 1.353958807885646820e-02 5.150703247636556625e-03 4.016753751784563065e-03
2.650924399495124817e-02 6.988048553466796875e-02 4.153642803430557251e-03 4.791132640093564987e-03 -8.010488003492355347e-03 8.759648539125919342e-03 1.952061057090759277e-02 -7.966353441588580608e-04 4.270913545042276382e-03 5.100116832181811333e-04
4.427717253565788269e-02 8.255673944950103760e-02 7.055812980979681015e-03 2.799345180392265320e-03 -2.312137279659509659e-03 1.826686598360538483e-02 -1.976827532052993774e-02 4.367268178611993790e-03 3.303240053355693817e-03 1.261123921722173691e-03
1.543250083923339844e-01 1.675344407558441162e-01 -5.164448544383049011e-02 2.518605254590511322e-02 -7.485239207744598389e-02 7.775619626045227051e-02 -1.634885072708129883e-01 2.666275482624769211e-03 9.293247945606708527e-03 5.078978370875120163e-03
9.776363521814346313e-02 1.133820042014122009e-01 3.686091676354408264e-02 1.991328224539756775e-02 2.081389166414737701e-02 1.042986512184143066e+00 1.508068561553955078e+00 2.422609180212020874e-01 2.365373820066452026e-02 1.123606413602828979e-01
