-3.803441524505615234e-01 -6.088837049901485443e-03 -1.024964638054370880e-02 -2.870863117277622223e-02 8.578960597515106201e-02 -1.622706837952136993e-02 -1.820930279791355133e-02 -2.119441702961921692e-02 -3.082617372274398804e-02 -3.525152429938316345e-02 -3.719594329595565796e-02 -3.750235075131058693e-03 -1.670327782630920410e-02 -9.713897481560707092e-03 -1.820130087435245514e-02
-3.472609221935272217e-01 -2.178053837269544601e-04 -1.053608115762472153e-02 -2.531125582754611969e-02 5.748649314045906067e-02 -1.115110050886869431e-02 -1.370344497263431549e-02 -1.822815462946891785e-02 -2.467326074838638306e-02 -3.316032513976097107e-02 -3.463782370090484619e-02 -4.671645816415548325e-03 -1.360043045133352280e-02 -9.155903942883014679e-03 -3.136732056736946106e-02
-3.012386262416839600e-01 -2.641926403157413006e-05 -5.502014886587858200e-03 -2.107764594256877899e-02 -1.449853007216006517e-04 -7.976816035807132721e-03 -8.966385386884212494e-03 -1.364373881369829178e-02 -9.474522434175014496e-03 -1.465297862887382507e-02 -3.024850599467754364e-02 -2.241995185613632202e-03 -9.536070749163627625e-03 8.565636351704597473e-03 -2.153396978974342346e-02
-7.522031664848327637e-01 -2.386014722287654877e-02 -4.290388897061347961e-02 6.766949892044067383e-01 -9.666036814451217651e-03 6.976822763681411743e-02 3.027341887354850769e-02 7.797627896070480347e-02 2.042061649262905121e-02 -1.051253080368041992e-01 -2.849015872925519943e-03 8.336908370256423950e-02 2.813791297376155853e-02 -1.184261366724967957e-01 -1.310412436723709106e-01
-3.303908705711364746e-01 -4.655174911022186279e-02 4.421612247824668884e-02 -7.333211600780487061e-02 1.125617027282714844e+00 -6.207600235939025879e-02 -3.730134293437004089e-02 -1.585511676967144012e-02 -1.331897228956222534e-01 2.962724305689334869e-03 -2.375402115285396576e-02 1.326295267790555954e-02 -3.533579781651496887e-02 -9.577640146017074585e-02 -6.041346117854118347e-03
-3.434224724769592285e-01 -1.458213105797767639e-02 -1.028244663029909134e-02 -1.905692555010318756e-02 -2.200448513031005859e-02 -1.434275507926940918e-02 -1.446578931063413620e-02 -5.589464213699102402e-03 -1.662426069378852844e-02 5.155240744352340698e-02 -3.705079481005668640e-02 -8.446954190731048584e-03 -1.410999428480863571e-02 -1.579184085130691528e-02 -3.202059492468833923e-02
-3.526358604431152344e-01 -1.712410524487495422e-02 -1.129054464399814606e-02 -2.813973277807235718e-02 -1.546495500952005386e-02 -1.976224593818187714e-02 -1.919903606176376343e-02 -8.402347564697265625e-03 -1.532833185046911240e-02 5.448895692825317383e-02 -3.669281303882598877e-02 -1.238466799259185791e-02 -1.594541780650615692e-02 -1.767700351774692535e-02 -3.039152175188064575e-02
-3.879042565822601318e-01 -8.754012174904346466e-03 -9.661227464675903320e-03 -3.998824208974838257e-02 -6.054770201444625854e-03 -1.566418819129467010e-02 -1.811674050986766815e-02 -1.665949262678623199e-02 -1.063630729913711548e-02 9.402678348124027252e-03 -4.485814273357391357e-02 -8.019139058887958527e-03 -1.549103576689958572e-02 -1.422379724681377411e-02 -3.124805539846420288e-02
-5.279173254966735840e-01 1.340021044015884399e-01 7.489603012800216675e-02 -2.613258548080921173e-03 -8.866763859987258911e-02 9.919280558824539185e-02 8.819026499986648560e-02 7.259821146726608276e-02 6.790449023246765137e-01 -7.237541675567626953e-02 -1.048406492918729782e-02 1.051412224769592285e-01 7.391086965799331665e-02 -1.344854384660720825e-01 -1.056152358651161194e-01
-4.703013598918914795e-01 -1.533111035823822021e-01 2.812882699072360992e-02 -1.237749680876731873e-01 -3.148105368018150330e-02 -1.309725046157836914e-01 -9.571439027786254883e-02 8.889442682266235352e-02 -3.420044481754302979e-02 9.624074101448059082e-01 -6.531597673892974854e-02 -6.958850473165512085e-02 -3.761733695864677429e-02 -1.159932389855384827e-01 3.053990565240383148e-02
-3.721882700920104980e-01 -1.612059306353330612e-03 -2.216429077088832855e-02 -2.979055978357791901e-02 -2.083224430680274963e-02 -1.962601020932197571e-02 -2.528664655983448029e-02 -2.095849812030792236e-02 -2.515973895788192749e-02 -2.712298929691314697e-02 -3.649228438735008240e-02 3.298568481113761663e-04 -8.100621402263641357e-03 -2.661691606044769287e-02 6.816758960485458374e-02
-2.606407999992370605e-01 2.092360984534025192e-03 -1.289286464452743530e-02 -2.055713348090648651e-02 -5.523570813238620758e-03 -1.629507355391979218e-02 -1.726544648408889771e-02 -1.321566384285688400e-02 -1.051470171660184860e-02 -1.073340047150850296e-02 -1.953156106173992157e-02 1.610865932889282703e-03 -3.506852313876152039e-03 -1.273038610816001892e-02 6.717623770236968994e-02
-3.461807072162628174e-01 2.376253105467185378e-04 -1.194257196038961411e-02 -1.493454352021217346e-02 -5.091102793812751770e-03 -7.169078569859266281e-03 -9.852986782789230347e-03 -1.241532433778047562e-02 -8.859047666192054749e-03 -2.733221463859081268e-02 -3.058550506830215454e-02 -2.184067154303193092e-03 -7.239976897835731506e-03 -7.770363241434097290e-03 -1.455896534025669098e-02
-5.811575055122375488e-01 5.275053158402442932e-02 1.258934289216995239e-01 -1.664261668920516968e-01 -1.617597416043281555e-02 -2.640527859330177307e-02 -4.642528295516967773e-02 -1.066903695464134216e-01 -1.250070184469223022e-01 -5.685533955693244934e-02 2.315463265404105186e-03 -2.122070267796516418e-02 -3.712055459618568420e-02 7.741242647171020508e-01 -1.026288345456123352e-01
-3.926489651203155518e-01 1.482174731791019440e-02 -4.567262157797813416e-02 -6.459049880504608154e-02 -1.231321785598993301e-02 -8.282045274972915649e-02 -8.231265842914581299e-02 -1.979436352849006653e-02 -5.589393153786659241e-02 -7.953872904181480408e-03 6.260622758418321609e-03 3.335984423756599426e-02 3.726224601268768311e-02 -6.343998014926910400e-02 8.508296012878417969e-01
