2.499262482606385005e-01 3.814857680675910745e-02 9.004675195780079688e-01 1.906273527000836021e-01 7.902981658774331786e-01 4.129777601767160855e-02 1.913389936204407948e-01 5.398403616117856130e-01 2.933710014764659979e-01 1.546933658247919285e-01
1.173612741753353970e-02 2.627840077580596012e-01 9.004714550823672559e-01 1.406392881665714523e-01 8.174517087342042521e-01 1.002381735595551937e-02 6.473744946944047290e-04 5.423847457266163241e-01 2.883994074916856332e-01 1.408523021775325013e-01
0.000000000000000000e+00 0.000000000000000000e+00 9.003874685518401533e-01 0.000000000000000000e+00 7.729489806365776872e-01 0.000000000000000000e+00 0.000000000000000000e+00 4.893058952036735687e-01 2.012560565380562272e-01 2.494195069199457715e-02
2.803483733032499300e-02 3.210991868141792327e-02 9.003961419413256673e-01 3.164963655252289731e-01 7.892039636971720507e-01 1.414187913723410628e-01 1.641713244380926459e-02 5.399512862689004322e-01 2.931056251166219151e-01 1.584272363346387880e-01
0.000000000000000000e+00 0.000000000000000000e+00 9.003859123413550103e-01 0.000000000000000000e+00 7.759534722031827814e-01 0.000000000000000000e+00 0.000000000000000000e+00 4.973738500552038477e-01 2.139226111282833687e-01 4.110830623727846495e-02
4.854529936141010332e-02 3.340161750649778272e-02 9.004241296436159558e-01 4.349055468702729688e-02 7.913464909186642693e-01 6.846802936219512081e-02 6.226891453466193438e-02 5.453330000522743637e-01 3.017984759047573906e-01 1.765635138788528291e-01
3.705382769946423682e-01 8.331302423213544570e-03 9.004401103055069688e-01 6.372403673270352065e-02 7.869372229528084350e-01 3.494266733533897551e-02 1.651308262261591830e-01 5.298427705173707203e-01 2.744163434536608381e-01 1.342574623532367395e-01
0.000000000000000000e+00 0.000000000000000000e+00 9.004239866476381193e-01 0.000000000000000000e+00 7.808745800621390565e-01 0.000000000000000000e+00 0.000000000000000000e+00 5.770818477287544823e-01 2.411857889257829068e-01 7.518228812460088506e-02
0.000000000000000000e+00 0.000000000000000000e+00 9.004173662086548680e-01 0.000000000000000000e+00 7.865436549793460852e-01 0.000000000000000000e+00 0.000000000000000000e+00 5.290306828299037312e-01 3.073588550142795639e-01 2.687324899773704812e-01
9.331377885312424139e-03 1.937976696484693595e-03 9.003883059891797380e-01 1.533955718674873646e-02 7.898274648794355590e-01 4.012145155397859458e-02 1.186998093897442645e-02 5.390242296204602601e-01 2.928870504652187901e-01 1.670322857839885156e-01
