9.858171343803405762e-01 1.049207091331481934e+00 1.039558649063110352e+00 1.012594342231750488e+00 7.785872817039489746e-01 1.023468255996704102e+00 1.031691670417785645e+00 9.877787232398986816e-01 1.014215826988220215e+00 7.806387543678283691e-01
1.007520556449890137e+00 1.020840883255004883e+00 1.039721727371215820e+00 1.025219917297363281e+00 7.842187881469726562e-01 9.982761740684509277e-01 1.010595560073852539e+00 9.928627610206604004e-01 1.022576332092285156e+00 7.955127358436584473e-01
1.006349563598632812e+00 1.054069519042968750e+00 1.027141809463500977e+00 1.025671482086181641e+00 7.839146852493286133e-01 9.882504343986511230e-01 1.035153985023498535e+00 1.011325359344482422e+00 1.031889319419860840e+00 7.957676649093627930e-01
1.021314024925231934e+00 1.056931972503662109e+00 1.038474321365356445e+00 1.025007605552673340e+00 8.100980520248413086e-01 1.050631403923034668e+00 1.042854666709899902e+00 1.031169652938842773e+00 1.018125057220458984e+00 7.888279557228088379e-01
1.059837937355041504e+00 1.033976554870605469e+00 1.018543720245361328e+00 1.032436013221740723e+00 8.039405345916748047e-01 1.020330071449279785e+00 1.030685544013977051e+00 1.041745543479919434e+00 1.026544690132141113e+00 7.969955801963806152e-01
1.010441660881042480e+00 1.025927066802978516e+00 1.059595227241516113e+00 1.031132459640502930e+00 7.982962727546691895e-01 1.058544993400573730e+00 1.058923363685607910e+00 9.936701059341430664e-01 1.039350748062133789e+00 8.021707534790039062e-01
1.042388916015625000e+00 1.049152135848999023e+00 1.026969313621520996e+00 1.041153192520141602e+00 8.085753321647644043e-01 1.022514700889587402e+00 1.056262969970703125e+00 1.014844536781311035e+00 1.039623141288757324e+00 7.988713383674621582e-01
1.029246330261230469e+00 1.058168053627014160e+00 1.058052182197570801e+00 1.044237613677978516e+00 7.990834712982177734e-01 1.023953676223754883e+00 1.060137748718261719e+00 1.024335265159606934e+00 1.041528344154357910e+00 8.099051117897033691e-01
1.013244509696960449e+00 1.044117808341979980e+00 1.066178679466247559e+00 1.034744739532470703e+00 8.313956260681152344e-01 1.058588862419128418e+00 1.057759284973144531e+00 1.031806588172912598e+00 1.045384168624877930e+00 8.163784146308898926e-01
1.044915199279785156e+00 1.074316143989562988e+00 1.052054643630981445e+00 1.046349287033081055e+00 8.302555680274963379e-01 1.105639100074768066e+00 1.119785308837890625e+00 1.065404534339904785e+00 1.039624691009521484e+00 8.206475377082824707e-01
