9.103744029998779297e-01 9.662623405456542969e-01 9.819968342781066895e-01 1.069279313087463379e+00 1.045776605606079102e+00 9.752388596534729004e-01 8.522759079933166504e-01 9.300087690353393555e-01 1.064150810241699219e+00 1.034920811653137207e+00
8.954955935478210449e-01 9.697294831275939941e-01 1.000998139381408691e+00 1.067127466201782227e+00 1.053462624549865723e+00 1.000850081443786621e+00 8.650535941123962402e-01 9.134799838066101074e-01 1.057918548583984375e+00 1.031038522720336914e+00
8.944225907325744629e-01 9.758038520812988281e-01 9.976401925086975098e-01 1.066746473312377930e+00 1.052886962890625000e+00 1.001790881156921387e+00 8.691759109497070312e-01 9.212895035743713379e-01 1.079272389411926270e+00 1.015365362167358398e+00
9.025778174400329590e-01 9.785063862800598145e-01 9.790829420089721680e-01 1.123954534530639648e+00 1.084906816482543945e+00 9.920300245285034180e-01 8.578161001205444336e-01 9.384101629257202148e-01 1.053599834442138672e+00 1.040598750114440918e+00
9.070941209793090820e-01 9.783619046211242676e-01 9.883438348770141602e-01 1.079363465309143066e+00 1.073277831077575684e+00 9.991547465324401855e-01 8.754416704177856445e-01 9.400498270988464355e-01 1.069642424583435059e+00 1.030103325843811035e+00
9.109118580818176270e-01 9.758324027061462402e-01 9.962098002433776855e-01 1.107794880867004395e+00 1.070822000503540039e+00 1.002326965332031250e+00 8.794679045677185059e-01 9.231514930725097656e-01 1.066532492637634277e+00 1.027279973030090332e+00
9.324290752410888672e-01 9.850525856018066406e-01 9.937737584114074707e-01 1.086383700370788574e+00 1.065766930580139160e+00 9.979360103607177734e-01 8.575646281242370605e-01 9.274631142616271973e-01 1.067859888076782227e+00 1.037223935127258301e+00
9.247047901153564453e-01 9.832212924957275391e-01 1.005785584449768066e+00 1.086838006973266602e+00 1.072699427604675293e+00 1.005927920341491699e+00 8.747879266738891602e-01 9.164887070655822754e-01 1.058780193328857422e+00 1.062200903892517090e+00
9.128672480583190918e-01 9.856743812561035156e-01 1.000018715858459473e+00 1.092305660247802734e+00 1.075903177261352539e+00 9.968268275260925293e-01 8.753393888473510742e-01 9.393286705017089844e-01 1.093794584274291992e+00 1.041367411613464355e+00
9.204612374305725098e-01 9.815765619277954102e-01 9.997985363006591797e-01 1.086547493934631348e+00 1.101539731025695801e+00 1.004488348960876465e+00 8.791614174842834473e-01 9.591034650802612305e-01 1.053540945053100586e+00 1.079809546470642090e+00
