-7.564140018075704575e-03 1.387060154229402542e-03 6.108893430791795254e-04 9.793648496270179749e-04 1.357802655547857285e-03 -1.574390917085111141e-04 -2.794846368487924337e-04 -4.893803852610290051e-04 -4.396205767989158630e-04 -9.939909912645816803e-03 5.952713545411825180e-04 -1.541235251352190971e-04 1.862303819507360458e-03 5.869289743714034557e-04 -6.621412467211484909e-04
4.988025873899459839e-03 1.354243373498320580e-03 -2.596248523332178593e-04 1.574895577505230904e-04 4.139799275435507298e-04 -6.802308489568531513e-04 -6.454683607444167137e-04 -9.842952713370323181e-04 -1.747917413013055921e-04 -8.655141573399305344e-04 2.162264718208462000e-05 -7.453333819285035133e-04 1.969457138329744339e-03 2.983851300086826086e-04 -5.792715237475931644e-04
-3.231788286939263344e-04 1.182294799946248531e-03 -1.765669148880988359e-04 1.069431309588253498e-03 9.899941505864262581e-04 -8.242753683589398861e-04 -2.538423577789217234e-04 -4.900718340650200844e-04 -2.882958797272294760e-04 3.202747553586959839e-02 -8.656867430545389652e-05 1.905989338411018252e-04 1.866482314653694630e-03 3.343551070429384708e-04 -4.788642982020974159e-04
-1.117006912827491760e-01 8.024906739592552185e-03 2.200723625719547272e-03 1.343378331512212753e-02 8.383839391171932220e-03 -5.400440655648708344e-03 -1.853299560025334358e-03 -5.943519063293933868e-03 -2.111625217366963625e-04 -1.323632001876831055e-01 -2.207318786531686783e-03 6.409081630408763885e-03 1.382151525467634201e-02 8.906655129976570606e-04 -9.445956908166408539e-03
-4.262463748455047607e-02 1.190256606787443161e-02 -2.790027996525168419e-03 -3.241336438804864883e-03 8.406507782638072968e-03 -9.511760435998439789e-04 -1.739557483233511448e-03 -7.505431771278381348e-03 -2.345329412491992116e-04 5.582544952630996704e-02 9.081194875761866570e-04 1.116844068747013807e-04 1.491664908826351166e-02 1.976235536858439445e-03 -1.000484079122543335e-02
1.337734889239072800e-02 9.604897932149469852e-04 -2.549335185904055834e-04 1.449243165552616119e-03 -8.466807194054126740e-04 -9.818964172154664993e-04 1.138454172178171575e-05 -6.254116306081414223e-04 4.707224434241652489e-04 6.975842267274856567e-02 4.995709750801324844e-04 2.719792537391185760e-04 1.592906075529754162e-03 8.563400479033589363e-04 -6.142958882264792919e-04
-1.123847160488367081e-02 1.338376663625240326e-03 3.066261997446417809e-04 9.419782436452805996e-04 -1.213739160448312759e-03 -5.518739344552159309e-04 -5.660923197865486145e-04 -6.496761925518512726e-04 8.298832690343260765e-04 9.210721403360366821e-02 7.837432203814387321e-04 4.576633800752460957e-04 1.955287298187613487e-03 1.756763085722923279e-03 -2.261856570839881897e-04
-1.116298721171915531e-03 1.310570864006876945e-03 2.128195192199200392e-04 6.656309706158936024e-04 2.024206150963436812e-05 -4.272095393389463425e-04 1.223551807925105095e-04 3.627323530963622034e-05 8.807850099401548505e-05 5.007699877023696899e-02 9.902601595968008041e-04 1.910315622808411717e-04 2.066369634121656418e-03 8.605601615272462368e-04 -8.089322946034371853e-04
5.886699073016643524e-03 8.137138560414314270e-03 -1.325796009041368961e-03 7.456650026142597198e-03 1.404801267199218273e-03 -3.199258120730519295e-03 -3.086211392655968666e-03 3.238658653572201729e-03 -5.432912730611860752e-04 -1.113229990005493164e-01 3.156374441459774971e-03 2.356638200581073761e-03 1.258455030620098114e-02 -7.694297237321734428e-04 -7.088117767125368118e-03
3.749995958060026169e-03 5.337405949831008911e-03 2.245792275061830878e-04 5.878615658730268478e-03 -1.407259609550237656e-02 -6.842290516942739487e-03 -1.110610319301486015e-03 3.292631590738892555e-03 1.178538426756858826e-02 6.931238174438476562e-01 3.585204714909195900e-03 5.144744180142879486e-03 8.185522630810737610e-03 1.807377487421035767e-02 1.952329650521278381e-03
-9.768331423401832581e-03 1.966305542737245560e-03 -7.598775555379688740e-04 4.608387462212704122e-05 1.361286500468850136e-03 -9.637462790124118328e-05 -5.462481058202683926e-04 -1.668347860686480999e-03 -2.442652294121216983e-05 1.664523780345916748e-02 5.223139887675642967e-04 5.210615927353501320e-04 2.259050495922565460e-03 2.516054701118264347e-05 -1.011026208288967609e-03
7.527529960498213768e-04 1.875981455668807030e-03 -3.382469294592738152e-04 5.131441284902393818e-04 5.013063782826066017e-04 -9.590529953129589558e-04 -3.115393628831952810e-04 -1.109141041524708271e-03 -1.414508005836978555e-04 2.123988047242164612e-02 1.601434632902964950e-04 -8.461499237455427647e-05 2.182583091780543327e-03 4.122068057768046856e-04 -6.069022347219288349e-04
1.129353791475296021e-02 1.383051043376326561e-03 -3.105328069068491459e-04 1.166496193036437035e-03 1.243717269971966743e-03 -4.675318778026849031e-04 -4.305784241296350956e-04 -5.408075521700084209e-04 -1.332517276750877500e-04 -2.213325584307312965e-03 3.664964169729501009e-04 -1.398014865117147565e-04 3.324410412460565567e-03 -7.902277866378426552e-05 -1.369823934510350227e-03
-5.430618301033973694e-02 6.984794978052377701e-03 4.253144841641187668e-03 1.582129113376140594e-02 7.610875181853771210e-03 -4.251516424119472504e-03 -5.437040235847234726e-03 -1.020269747823476791e-02 -6.251768674701452255e-03 -1.273344010114669800e-01 -1.622850657440721989e-03 7.370935636572539806e-04 1.565702818334102631e-02 1.395011437125504017e-03 -3.198204329237341881e-03
-2.654197625815868378e-02 1.055775023996829987e-02 -4.222668707370758057e-03 -4.456497263163328171e-03 7.894023321568965912e-03 -2.424876001896336675e-04 1.927123288623988628e-03 -4.846869967877864838e-03 -8.405934204347431660e-05 9.009959548711776733e-02 6.185573525726795197e-03 9.875065879896283150e-04 7.123918738216161728e-03 3.205937566235661507e-03 -2.754365559667348862e-03
