-1.573068276047706604e-02 1.772889401763677597e-03 2.310498530277982354e-04 -2.515778411179780960e-03 6.735486094839870930e-04 -2.739867661148309708e-03 2.022112486883997917e-03 2.005363348871469498e-03 -9.742102120071649551e-04 -1.281768491026014090e-04
-1.426808629184961319e-02 1.853890484198927879e-03 2.729652333073318005e-04 -1.601519761607050896e-03 6.909402436576783657e-04 -2.722274279221892357e-03 1.146466238424181938e-03 1.941953552886843681e-03 -8.098234538920223713e-04 -4.243967996444553137e-04
-1.724842190742492676e-02 2.701495308429002762e-03 5.017227958887815475e-04 -2.440941520035266876e-03 1.066850963979959488e-03 -2.893065335229039192e-03 1.802659127861261368e-03 1.745962887071073055e-03 -5.759164341725409031e-04 1.906671786855440587e-05
-7.753987610340118408e-02 6.459106691181659698e-03 -1.833621412515640259e-02 1.940177608048543334e-04 2.656249562278389931e-04 -1.739485934376716614e-02 5.758169107139110565e-03 7.053497713059186935e-03 -1.067806407809257507e-02 -5.773155484348535538e-03
-5.689089372754096985e-02 6.847004871815443039e-03 8.985154330730438232e-03 -9.063334204256534576e-03 3.844604827463626862e-03 -8.969996124505996704e-03 4.584093112498521805e-03 5.973907187581062317e-03 -3.769103204831480980e-03 4.491286352276802063e-03
-1.594176329672336578e-02 1.771845738403499126e-03 -1.060153706930577755e-03 -1.462611719034612179e-03 4.835470463149249554e-04 -2.821099944412708282e-03 1.158521510660648346e-03 2.080036094412207603e-03 -1.136256847530603409e-03 -9.519533341517671943e-05
-1.522502023726701736e-02 2.777255373075604439e-03 -8.739774784771725535e-05 -2.357097109779715538e-03 4.746057384181767702e-04 -4.061610903590917587e-03 1.359922927804291248e-03 1.847317093051970005e-03 -6.029672804288566113e-04 -1.516638789325952530e-03
-1.007283851504325867e-02 1.205713138915598392e-03 1.705344533547759056e-03 -2.062673447653651237e-03 -1.598300441401079297e-04 -2.540760207921266556e-03 1.304070930927991867e-03 1.579213072545826435e-03 -2.765609824564307928e-04 -8.270744001492857933e-04
-1.300676912069320679e-01 2.068833680823445320e-03 -5.062766373157501221e-03 -1.341231074184179306e-02 -4.019059269921854138e-05 -1.602169312536716461e-02 1.443466078490018845e-02 1.170501206070184708e-02 -7.162308320403099060e-03 -4.606986884027719498e-03
-6.460344791412353516e-02 6.307142321020364761e-03 5.946988239884376526e-03 -9.090918116271495819e-03 2.073951764032244682e-03 -1.062475237995386124e-02 8.904249407351016998e-03 6.412607617676258087e-03 -5.385617725551128387e-03 2.640974940732121468e-03
