1.802494078874588013e-01 -2.151481807231903076e-02 7.809395343065261841e-02 -1.170909218490123749e-02 -6.230019964277744293e-03 8.969341404736042023e-03 -3.657041862607002258e-02 5.639296397566795349e-02 -3.217699751257896423e-02 -7.391687482595443726e-03 1.980949752032756805e-02 2.545938268303871155e-02 -3.347617760300636292e-02 -1.259458810091018677e-02 1.251338631846010685e-03
-5.029741302132606506e-02 7.403413057327270508e-01 -7.623529434204101562e-02 3.488320857286453247e-02 1.539731957018375397e-02 2.315025031566619873e-02 -6.513283122330904007e-03 -1.048245728015899658e-01 -6.479293107986450195e-02 -3.077621944248676300e-02 -1.032052282243967056e-02 1.298435591161251068e-02 1.443637609481811523e-01 -1.392534822225570679e-01 -1.669573783874511719e-02
-2.860774844884872437e-02 -2.008341066539287567e-02 5.119040608406066895e-01 -4.318586550652980804e-03 -1.516029704362154007e-02 -8.232251740992069244e-03 -4.455395042896270752e-02 7.221299409866333008e-02 -2.329724095761775970e-02 4.380742087960243225e-02 4.859765525907278061e-03 2.687906101346015930e-02 5.674427840858697891e-03 -3.269315697252750397e-03 -6.098174490034580231e-03
-5.605308413505554199e-01 6.977281719446182251e-02 2.394926697015762329e-01 9.210522174835205078e-01 2.971159107983112335e-02 1.147236824035644531e-01 -6.751759350299835205e-02 -2.519060485064983368e-02 7.776241283863782883e-03 -1.352641731500625610e-02 1.397880315780639648e-01 1.615404523909091949e-02 1.739578098058700562e-01 -6.972047686576843262e-02 -1.994120702147483826e-02
1.514217734336853027e+00 1.086903214454650879e-01 -2.368107438087463379e-02 -9.272747556678950787e-04 9.678391814231872559e-01 -1.861402392387390137e-01 4.967869818210601807e-02 -4.341322556138038635e-02 -1.333724409341812134e-01 -6.584110110998153687e-02 1.233347803354263306e-01 -1.592028588056564331e-01 3.949750959873199463e-02 -1.475583165884017944e-01 -8.646993339061737061e-02
-8.752103894948959351e-02 6.152970599941909313e-04 1.590761914849281311e-02 -2.667611697688698769e-03 -2.748547994997352362e-04 5.419596433639526367e-01 -1.508501451462507248e-02 3.834953531622886658e-02 2.464092103764414787e-03 3.150885179638862610e-02 7.111416757106781006e-02 3.574132174253463745e-02 -2.802960947155952454e-02 4.330988973379135132e-03 -1.617168821394443512e-02
1.567918360233306885e-01 -9.053510613739490509e-03 -1.408001128584146500e-02 -1.540646073408424854e-03 -5.873294547200202942e-03 1.458902470767498016e-02 3.316549658775329590e-01 3.142266348004341125e-02 -1.394473016262054443e-02 2.187925623729825020e-03 9.297008067369461060e-02 -2.941244095563888550e-02 -8.760627359151840210e-03 1.166892703622579575e-02 -9.974298067390918732e-03
1.425328999757766724e-01 -2.916880138218402863e-02 5.167910829186439514e-02 -1.354863774031400681e-02 -2.859315276145935059e-02 4.522855579853057861e-02 -2.905988506972789764e-02 9.185349941253662109e-01 -4.467611387372016907e-02 5.985923483967781067e-02 8.653347194194793701e-02 -3.109467960894107819e-02 -2.470747940242290497e-02 -4.724883474409580231e-03 -4.732148349285125732e-02
-4.867861568927764893e-01 -4.317402541637420654e-01 -3.523646891117095947e-01 -2.439435124397277832e-01 -2.812686562538146973e-01 -4.077686965465545654e-01 -3.335915505886077881e-01 3.642887994647026062e-02 1.532626748085021973e+00 -2.500119507312774658e-01 -4.561651647090911865e-01 -1.376340240240097046e-01 -2.012796103954315186e-01 -4.840634763240814209e-01 -2.420138269662857056e-01
1.721191592514514923e-02 6.599036604166030884e-02 6.725575029850006104e-02 -2.509422227740287781e-02 -1.240474916994571686e-02 2.621771581470966339e-02 -2.403450757265090942e-02 3.404869884252548218e-02 -6.109407637268304825e-03 8.136919736862182617e-01 4.208870977163314819e-02 -1.694072224199771881e-02 1.333180367946624756e-01 4.842367023229598999e-03 -2.504730969667434692e-02
5.006290040910243988e-03 2.358794398605823517e-02 8.006164804100990295e-03 1.086589228361845016e-02 3.669893194455653429e-04 4.924246296286582947e-02 1.374983787536621094e-02 2.940611355006694794e-02 4.107048269361257553e-03 1.622265204787254333e-02 2.988083064556121826e-01 3.770965617150068283e-03 7.697904366068542004e-04 5.669937469065189362e-03 7.216444355435669422e-04
4.216835647821426392e-02 -2.175690047442913055e-02 -9.891079738736152649e-03 2.258288674056529999e-03 -2.500216476619243622e-02 2.309997752308845520e-02 -4.684474319219589233e-02 -1.015833299607038498e-02 -8.692122646607458591e-04 1.084161642938852310e-02 1.087051164358854294e-02 3.807463347911834717e-01 -1.625341735780239105e-02 -4.494300577789545059e-03 -2.098707295954227448e-02
-2.396670915186405182e-02 3.843514248728752136e-02 4.437550436705350876e-03 1.591542363166809082e-02 1.476373057812452316e-02 -9.084010496735572815e-03 7.143630832433700562e-02 2.160040428861975670e-03 1.400344772264361382e-04 -6.170808337628841400e-04 2.598247490823268890e-02 -3.048065304756164551e-02 3.742385208606719971e-01 -1.277945190668106079e-02 1.835383102297782898e-02
-9.112717509269714355e-01 -3.315325453877449036e-02 7.226847112178802490e-02 -1.307204961776733398e-01 1.052497178316116333e-01 1.758727431297302246e-02 2.483912408351898193e-01 7.996758073568344116e-02 -2.764359302818775177e-02 -4.788450151681900024e-02 -1.204836666584014893e-01 1.211519092321395874e-01 1.524745374917984009e-01 1.013553977012634277e+00 1.167107149958610535e-01
7.929861545562744141e-01 3.316882066428661346e-03 -8.779752254486083984e-02 -5.622604396194219589e-03 -7.477693259716033936e-02 -4.601890966296195984e-02 -6.320207566022872925e-02 -8.770947158336639404e-02 3.962620347738265991e-02 1.902097836136817932e-02 1.413372755050659180e-01 6.946541368961334229e-02 -7.865627855062484741e-02 2.087094821035861969e-02 3.925538659095764160e-01
