2.010883837938308716e-01 -1.148554906249046326e-01 -2.106424570083618164e-01 6.158475205302238464e-02 -2.623421896714717150e-04 1.592562198638916016e-01 4.794769883155822754e-01 -8.073876053094863892e-02 -2.771124988794326782e-02 4.898273199796676636e-02
-2.701029181480407715e-02 5.222249031066894531e-01 1.573098301887512207e-01 8.465665578842163086e-02 1.012113317847251892e-01 9.115115553140640259e-02 -1.317944675683975220e-01 -1.776960119605064392e-02 -4.639084637165069580e-02 -1.142498571425676346e-02
-2.583405512268655002e-05 1.265821993001736701e-05 5.312607390806078911e-05 -2.526727075746748596e-05 1.166543806903064251e-04 2.808054523484315723e-05 -9.921095625031739473e-05 4.137251817155629396e-04 2.086461317958310246e-04 1.031357678584754467e-04
-2.289084251970052719e-03 2.666653506457805634e-02 -7.704105228185653687e-02 3.953396379947662354e-01 6.827135384082794189e-02 2.520481646060943604e-01 1.541930995881557465e-02 -1.657967572100460529e-03 -3.724491968750953674e-02 5.989628285169601440e-02
6.606562965316697955e-05 -1.025397330522537231e-03 5.959448404610157013e-03 -5.969323217868804932e-03 1.415136270225048065e-02 8.709038607776165009e-03 -8.609126321971416473e-03 2.034847065806388855e-02 2.599494159221649170e-02 1.843469031155109406e-02
1.401662360876798630e-02 -8.729906380176544189e-02 -5.378578975796699524e-02 7.668018341064453125e-02 1.199937835335731506e-01 2.544383108615875244e-01 5.943764746189117432e-02 7.666232436895370483e-02 1.904847025871276855e-01 2.152760922908782959e-01
4.041572213172912598e-01 -2.116719633340835571e-01 -2.215084731578826904e-01 -1.038649827241897583e-01 -4.571880027651786804e-02 5.097549781203269958e-02 5.394695997238159180e-01 -3.636503964662551880e-02 1.047768164426088333e-02 1.571218855679035187e-02
-3.919875249266624451e-03 -3.298936411738395691e-02 2.686301805078983307e-02 -2.050329931080341339e-02 3.956985101103782654e-02 -3.390473313629627228e-03 -6.153187155723571777e-02 1.809724867343902588e-01 7.059594988822937012e-02 3.849867358803749084e-02
-1.012541260570287704e-02 -5.199186876416206360e-02 3.920590097550302744e-04 -8.022283017635345459e-02 1.171560585498809814e-01 -2.101436443626880646e-02 -6.285436451435089111e-02 1.295256018638610840e-01 3.667906820774078369e-01 2.810545265674591064e-01
2.332229865714907646e-03 -9.931011497974395752e-02 -3.361767902970314026e-02 -2.979555353522300720e-02 1.249420791864395142e-01 8.849997818470001221e-02 -3.573606908321380615e-02 1.425205022096633911e-01 3.310874700546264648e-01 2.707836329936981201e-01
