1.665860414505004883e-03 -2.137719420716166496e-03 4.656394943594932556e-03 1.414644997566938400e-03 4.453848674893379211e-02 3.975297324359416962e-03 3.366939490661025047e-04 -3.578811185434460640e-03 7.605330087244510651e-03 7.937310263514518738e-03
-6.045198999345302582e-03 -2.224488125648349524e-04 1.988188596442341805e-03 7.874907925724983215e-03 3.820816427469253540e-02 6.210761144757270813e-03 3.910302650183439255e-03 4.362148698419332504e-03 1.176257524639368057e-02 3.357429057359695435e-03
-9.467189374845474958e-05 -1.782729377737268806e-04 8.308788528665900230e-04 5.359766073524951935e-03 1.676458865404129028e-02 4.232847131788730621e-03 7.567655993625521660e-04 3.555831965059041977e-03 6.857982836663722992e-03 9.706585668027400970e-03
1.815377501770853996e-03 4.331339895725250244e-02 -1.719637773931026459e-02 1.976538896560668945e-01 -7.691337913274765015e-02 1.064658612012863159e-01 5.071553960442543030e-02 9.019456058740615845e-02 1.808035820722579956e-01 -8.922155201435089111e-02
3.651734068989753723e-02 6.282479967921972275e-03 1.820848882198333740e-01 -1.568610966205596924e-02 7.134946584701538086e-01 -8.285521529614925385e-03 1.362484972923994064e-02 -5.725667998194694519e-02 -1.375594735145568848e-02 6.249603256583213806e-02
-1.964326389133930206e-02 -4.061543848365545273e-03 4.189528117422014475e-04 8.984826505184173584e-03 2.847692463546991348e-03 1.174012944102287292e-02 2.980505814775824547e-03 8.704705163836479187e-03 1.212386786937713623e-02 4.017303884029388428e-02
-1.591571792960166931e-02 5.593156442046165466e-03 -1.833009184338152409e-03 5.338557530194520950e-03 3.167955670505762100e-03 1.045255269855260849e-02 -1.315727713517844677e-03 1.053339894860982895e-02 1.256617624312639236e-02 4.991256818175315857e-02
-1.114423430408351123e-04 1.595768495462834835e-03 1.430119853466749191e-03 8.870979771018028259e-03 -3.599830670282244682e-03 5.393402185291051865e-03 1.997323008254170418e-03 6.702399812638759613e-03 1.007870212197303772e-02 7.052521221339702606e-03
-5.419462546706199646e-02 7.921278476715087891e-02 -4.162308573722839355e-02 1.825434416532516479e-01 -7.214947789907455444e-02 1.173978820443153381e-01 5.188806354999542236e-02 1.225712001323699951e-01 2.186755239963531494e-01 -1.054076403379440308e-01
-2.969758510589599609e-01 1.810893788933753967e-02 7.362869381904602051e-02 -1.647472754120826721e-02 3.673127293586730957e-02 5.319283157587051392e-02 -7.014733739197254181e-03 1.047501862049102783e-01 4.414573684334754944e-02 4.932574033737182617e-01
