-2.663264751434326172e+00 -4.549487233161926270e-01 -1.147718310356140137e+00 7.255631685256958008e-02 -1.173042416572570801e+00 2.558298110961914062e-01 5.319961309432983398e-01 -9.633385539054870605e-01 -6.935378313064575195e-01 -3.908379673957824707e-01
-1.940430998802185059e+00 3.274334967136383057e-01 -8.938934206962585449e-01 1.083061173558235168e-01 -6.390581727027893066e-01 2.062246054410934448e-01 -1.521753668785095215e-01 -6.863805055618286133e-01 -4.377874732017517090e-01 -3.400194048881530762e-01
-1.618019104003906250e+00 -2.107997387647628784e-01 -1.065674185752868652e+00 2.360016107559204102e-02 -6.559080481529235840e-01 6.988722831010818481e-02 3.451690776273608208e-03 -5.215580463409423828e-01 -3.724323809146881104e-01 -2.824593782424926758e-01
-1.825707197189331055e+00 -2.070699036121368408e-01 -7.512798905372619629e-01 4.785742163658142090e-01 -6.848830580711364746e-01 3.297940790653228760e-01 2.123904787003993988e-02 -6.715040206909179688e-01 -4.661938846111297607e-01 -2.481472939252853394e-01
-1.385572910308837891e+00 -1.751113831996917725e-01 -7.939654588699340820e-01 1.210856810212135315e-02 -5.284277796745300293e-01 6.908018141984939575e-02 -7.102310657501220703e-03 -4.262688755989074707e-01 -2.840026021003723145e-01 -2.208681702613830566e-01
-3.571544647216796875e+00 -5.128000974655151367e-01 -1.803664565086364746e+00 9.792832285165786743e-02 -1.343727231025695801e+00 4.141949415206909180e-01 7.564996182918548584e-02 -1.135504603385925293e+00 -6.308838129043579102e-01 -3.485867083072662354e-01
-5.785341262817382812e+00 -9.607402086257934570e-01 -2.111681461334228516e+00 -3.786132857203483582e-02 -2.534277200698852539e+00 3.094752728939056396e-01 6.422923803329467773e-01 -1.937151432037353516e+00 -1.384670138359069824e+00 -9.975721240043640137e-01
-7.164372205734252930e-01 -1.126977950334548950e-01 -2.883736491203308105e-01 -2.505374141037464142e-02 -2.409926801919937134e-01 2.672656439244747162e-02 -3.965441137552261353e-02 -5.034689605236053467e-02 -5.398173257708549500e-02 -7.305632531642913818e-02
-1.324316263198852539e+00 -2.072392702102661133e-01 -7.820637226104736328e-01 -5.933403596282005310e-02 -3.991666138172149658e-01 3.645275905728340149e-02 -6.741708517074584961e-02 -2.888222932815551758e-01 4.909009113907814026e-02 3.916585817933082581e-02
-2.017087459564208984e+00 -3.538085520267486572e-01 -8.609822392463684082e-01 -1.420838199555873871e-02 -6.803925633430480957e-01 1.835839450359344482e-01 -2.900977618992328644e-02 -4.957201182842254639e-01 -1.598477214574813843e-01 -4.829833656549453735e-02
