7.402241975069046021e-02 2.726849354803562164e-02 2.516493014991283417e-02 8.865438401699066162e-03 9.952202439308166504e-03 1.791681721806526184e-02 9.795241989195346832e-03 -1.278019789606332779e-02 3.182021202519536018e-03 3.884088248014450073e-02
4.506761953234672546e-02 3.450598195195198059e-02 3.279770910739898682e-02 6.224616430699825287e-03 4.573111422359943390e-03 3.436575410887598991e-03 1.529308129101991653e-02 -5.743279471062123775e-04 -1.965723000466823578e-03 1.047990936785936356e-02
2.115881070494651794e-02 1.666552573442459106e-02 9.250982105731964111e-02 1.380565669387578964e-02 9.390559978783130646e-03 -9.791471995413303375e-03 1.479598344303667545e-03 1.227567344903945923e-02 1.701366715133190155e-02 7.091346196830272675e-03
1.126197446137666702e-02 5.896629765629768372e-03 6.013340782374143600e-03 5.721854045987129211e-03 -5.262152408249676228e-04 3.004452912136912346e-03 2.874398138374090195e-03 -1.292155124247074127e-03 7.991649326868355274e-04 5.083611700683832169e-03
7.467714603990316391e-04 1.767598325386643410e-03 5.103914067149162292e-03 1.433439203538000584e-03 5.067556630820035934e-04 4.813086241483688354e-03 6.031503435224294662e-04 2.583833178505301476e-03 4.383789375424385071e-03 5.197959486395120621e-03
3.368916222825646400e-03 -6.986391963437199593e-04 1.027240604162216187e-02 1.813069358468055725e-02 3.978973720222711563e-03 2.723099477589130402e-02 7.307879161089658737e-03 1.613190025091171265e-02 8.615617640316486359e-03 6.485921796411275864e-03
1.373009569942951202e-02 1.739197969436645508e-02 -5.151622463017702103e-03 7.852585054934024811e-03 1.112010097131133080e-03 9.453513659536838531e-03 2.134964335709810257e-03 -5.606082733720541000e-03 4.050841671414673328e-04 8.620761334896087646e-03
2.224479801952838898e-02 8.502632379531860352e-03 6.712904572486877441e-02 9.992319159209728241e-03 4.556389525532722473e-03 -5.100456997752189636e-03 2.714580856263637543e-03 2.000951580703258514e-02 2.541728317737579346e-03 -1.889894134365022182e-03
3.109852038323879242e-02 1.326482743024826050e-02 2.557610394433140755e-03 1.485229283571243286e-02 4.013331606984138489e-03 1.395386457443237305e-02 7.753018755465745926e-03 -1.321916468441486359e-02 6.711449241265654564e-04 1.176433451473712921e-02
1.426005270332098007e-02 7.651700172573328018e-03 1.336479745805263519e-02 5.869391839951276779e-03 2.598084742203354836e-03 9.968625381588935852e-03 3.035658271983265877e-03 6.423857528716325760e-03 3.511131741106510162e-03 1.087980717420578003e-02
