-6.600426882505416870e-02 5.812693759799003601e-02 1.447856705635786057e-02 1.833758503198623657e-02 -4.435874894261360168e-02 2.067500725388526917e-02 2.137447521090507507e-02 -1.355931349098682404e-02 2.901778742671012878e-02 -7.188130635768175125e-03 9.966645389795303345e-03 2.179131843149662018e-02 6.055542826652526855e-02 2.152449637651443481e-02 1.294870302081108093e-02
-1.504450291395187378e-01 -2.303738594055175781e-01 -1.648506522178649902e-01 5.441222339868545532e-02 -3.448296338319778442e-02 -1.146666519343852997e-02 -3.131157904863357544e-02 5.958984047174453735e-02 6.365193426609039307e-02 1.658171415328979492e-01 2.372570568695664406e-03 -9.480075538158416748e-02 -1.115858778357505798e-01 1.398685574531555176e-02 5.345945805311203003e-02
-9.494420289993286133e-01 -1.529802680015563965e-01 1.621778123080730438e-02 1.400748919695615768e-02 -4.820057377219200134e-02 -4.043744504451751709e-02 -4.799812659621238708e-02 -1.248324215412139893e-01 3.260475397109985352e-02 2.477495558559894562e-02 -6.563056260347366333e-02 -4.042176529765129089e-02 -3.338294848799705505e-02 -1.475397590547800064e-02 5.365864187479019165e-02
8.547137379646301270e-01 5.777582526206970215e-01 1.359624862670898438e-01 -8.246718049049377441e-01 2.630977332592010498e-01 1.854761037975549698e-03 1.586627364158630371e-01 -2.789655327796936035e-01 3.810429871082305908e-01 3.203915059566497803e-01 6.304001063108444214e-02 6.034142374992370605e-01 -4.266705736517906189e-02 3.596754968166351318e-01 4.241896867752075195e-01
1.073802351951599121e+00 -1.190873682498931885e-01 -1.167070791125297546e-01 1.424797475337982178e-01 -1.408789038658142090e+00 2.349659204483032227e-01 1.881477236747741699e-01 -9.228219278156757355e-03 3.423773944377899170e-01 -2.527554892003536224e-02 5.663257092237472534e-02 2.727632597088813782e-02 5.661981105804443359e-01 2.552389204502105713e-01 5.767599865794181824e-02
-1.359486877918243408e-01 2.629909850656986237e-02 -6.570888310670852661e-02 -7.894496433436870575e-03 8.218914270401000977e-02 -1.240077763795852661e-01 -8.421000838279724121e-02 -1.068566590547561646e-01 2.336834929883480072e-02 -3.930421173572540283e-02 -6.706379354000091553e-02 -2.500008791685104370e-03 -7.740856707096099854e-02 7.435902208089828491e-02 2.783678472042083740e-02
-1.004047870635986328e+00 -8.052163571119308472e-02 -8.601078391075134277e-02 -4.636914003640413284e-03 -2.352198772132396698e-02 -9.881526976823806763e-02 1.171947951661422849e-04 -1.842248886823654175e-01 -1.148997899144887924e-02 -6.180957332253456116e-02 -8.900958299636840820e-02 -4.004745557904243469e-02 -4.627427458763122559e-02 2.115649171173572540e-02 4.008166864514350891e-02
-4.002648890018463135e-01 3.825436532497406006e-02 -9.478925168514251709e-02 -2.301022410392761230e-02 -1.485468447208404541e-02 -4.585033282637596130e-02 -7.613890618085861206e-02 -2.512449920177459717e-01 2.002773806452751160e-02 -9.759037941694259644e-02 -5.009711906313896179e-02 3.747747465968132019e-02 3.269032388925552368e-02 8.028771728277206421e-03 7.915448397397994995e-02
9.184816479682922363e-01 5.098690986633300781e-01 3.300838768482208252e-01 1.903200298547744751e-01 4.506896436214447021e-01 -1.311319600790739059e-02 5.635564774274826050e-02 7.081763446331024170e-02 -7.746836543083190918e-01 1.481589078903198242e-01 5.028684139251708984e-01 -9.332296997308731079e-02 2.456945627927780151e-01 3.898876905441284180e-01 3.520838320255279541e-01
4.077232778072357178e-01 7.656105756759643555e-01 2.341150641441345215e-01 2.547953128814697266e-01 1.907683163881301880e-02 -2.252374403178691864e-02 8.834640495479106903e-03 -3.879393935203552246e-01 1.842766851186752319e-01 -1.184264063835144043e+00 -8.030673116445541382e-02 2.897723913192749023e-01 6.262515187263488770e-01 2.178627401590347290e-01 1.545994281768798828e-01
-3.917514346539974213e-03 2.973143383860588074e-02 -7.392131537199020386e-02 -1.074033230543136597e-02 2.975625544786453247e-02 -7.980377972126007080e-02 -4.389224573969841003e-02 -3.999016806483268738e-02 1.198991760611534119e-01 -2.075354568660259247e-02 7.933223992586135864e-02 6.029135081917047501e-03 -6.961517781019210815e-02 5.486430972814559937e-02 -8.743908256292343140e-02
9.398072212934494019e-02 -1.526826620101928711e-01 -2.969263866543769836e-02 7.827188074588775635e-02 -1.023439597338438034e-02 -5.485564097762107849e-02 -3.100636415183544159e-02 9.261199086904525757e-02 2.467585960403084755e-03 9.643895924091339111e-02 -3.774605691432952881e-02 -4.166065901517868042e-02 -1.180250868201255798e-01 7.569841295480728149e-02 -1.291947513818740845e-01
-8.262625336647033691e-02 -4.325103759765625000e-02 -3.594335541129112244e-02 -3.033537417650222778e-02 1.063096597790718079e-01 -6.305509805679321289e-02 -3.626515343785285950e-02 3.458599001169204712e-02 4.143713042140007019e-02 1.020692139863967896e-01 -5.607159063220024109e-02 -4.613552987575531006e-02 -1.369632184505462646e-01 3.385153412818908691e-02 -7.951399311423301697e-03
3.055811226367950439e-01 1.943906098604202271e-01 -8.439746499061584473e-02 5.191619396209716797e-01 6.438617706298828125e-01 3.388278782367706299e-01 1.968064457178115845e-01 2.185654193162918091e-01 5.991863608360290527e-01 3.860605657100677490e-01 2.136528640985488892e-01 3.163171708583831787e-01 1.769476979970932007e-01 -9.808526039123535156e-01 3.689928948879241943e-01
1.030978083610534668e+00 4.290540218353271484e-01 6.239848732948303223e-01 2.203589826822280884e-01 1.355675309896469116e-01 3.091038018465042114e-02 4.229774475097656250e-01 6.205475926399230957e-01 2.852467000484466553e-01 1.484662592411041260e-01 -8.917874097824096680e-02 1.181747298687696457e-02 3.835987299680709839e-02 2.765461802482604980e-01 -1.458623170852661133e+00
