1.327101141214370728e-02 1.069354257197119296e-04 -7.172896875999867916e-04 -1.061385613866150379e-03 4.570230667013674974e-04 2.325323969125747681e-02 2.033782005310058594e-02 2.242084592580795288e-02 2.496081031858921051e-02 8.350840769708156586e-03 2.345575019717216492e-02 1.874695159494876862e-02 5.495587247423827648e-04 -3.334210196044296026e-04 4.464834928512573242e-03
-5.219305399805307388e-03 -2.748106198851019144e-04 -2.113766502588987350e-03 -2.167087746784090996e-03 6.599245127290487289e-03 4.430767614394426346e-03 3.662823233753442764e-03 6.957894191145896912e-03 5.609598010778427124e-03 -1.302226074039936066e-02 4.769600927829742432e-03 5.496555939316749573e-03 3.779762482736259699e-04 -1.102781272493302822e-03 1.105972565710544586e-02
-6.416578777134418488e-03 -7.050100248306989670e-04 -2.151913475245237350e-03 -2.233612351119518280e-03 4.253759514540433884e-03 -2.595152705907821655e-03 -2.480497350916266441e-03 1.480809063650667667e-03 -1.968513708561658859e-03 -7.558539509773254395e-03 -1.213286072015762329e-03 6.631521973758935928e-04 -1.218570250784978271e-04 -1.114247948862612247e-03 9.321833029389381409e-03
-2.280256003141403198e-01 6.416558753699064255e-03 2.591419033706188202e-04 -4.720218945294618607e-03 -1.673834472894668579e-01 -1.522826850414276123e-01 -1.556284725666046143e-01 -8.742745965719223022e-02 -2.002186030149459839e-01 -3.200452029705047607e-01 -1.519783586263656616e-01 -1.132217273116111755e-01 1.685672067105770111e-02 4.243095405399799347e-03 -1.179559081792831421e-01
1.089408993721008301e-02 -1.448204740881919861e-02 -3.505299240350723267e-02 -1.677135378122329712e-02 4.882018864154815674e-01 -2.486402913928031921e-02 -2.048245258629322052e-02 -9.575416147708892822e-02 -1.918734237551689148e-02 7.172589004039764404e-02 -1.030041463673114777e-02 -7.523973938077688217e-03 -3.378037363290786743e-02 -2.553531154990196228e-02 2.670727372169494629e-01
2.447029203176498413e-02 3.252887108828872442e-04 -1.065560645656660199e-04 -5.801523220725357533e-04 -3.553639166057109833e-03 3.499586135149002075e-02 3.184139356017112732e-02 3.245569020509719849e-02 3.573314473032951355e-02 1.834384910762310028e-02 4.408546164631843567e-02 2.409888617694377899e-02 1.065712072886526585e-03 1.063432864611968398e-04 5.010070162825286388e-04
1.863231696188449860e-02 4.524492760538123548e-05 -2.489020116627216339e-04 -7.750114891678094864e-04 -9.756379295140504837e-04 3.272216767072677612e-02 2.926165424287319183e-02 2.995667234063148499e-02 3.231235221028327942e-02 1.618540845811367035e-02 3.919114172458648682e-02 2.233290672302246094e-02 4.001689376309514046e-04 -1.040127681335434318e-04 1.360628288239240646e-03
1.845502480864524841e-02 2.109132037730887532e-04 -1.405434450134634972e-04 -8.100630948320031166e-04 -2.178468275815248489e-03 2.885008417069911957e-02 2.489500306546688080e-02 2.667940221726894379e-02 2.974509820342063904e-02 1.730286516249179840e-02 2.907909639179706573e-02 2.076203376054763794e-02 8.224322227761149406e-04 -4.381636608741246164e-05 1.380664180032908916e-03
2.072948664426803589e-01 5.989856552332639694e-03 3.724912181496620178e-03 -5.070803686976432800e-03 -3.240277618169784546e-02 3.303151726722717285e-01 2.646951973438262939e-01 2.884779572486877441e-01 3.185006678104400635e-01 5.986560881137847900e-02 3.372062742710113525e-01 2.155047506093978882e-01 1.371874939650297165e-02 4.310983698815107346e-03 6.604946684092283249e-03
4.394320964813232422e+00 3.808958083391189575e-02 6.166983023285865784e-02 5.005069077014923096e-02 -4.205055236816406250e-01 -5.107951536774635315e-02 2.104581743478775024e-01 3.255910873413085938e-01 5.321844816207885742e-01 -3.547335863113403320e-01 5.154569745063781738e-01 -2.588250041007995605e-01 4.539445415139198303e-02 5.479392781853675842e-02 -4.219819903373718262e-01
1.260995026677846909e-02 6.011482764733955264e-05 -7.803365006111562252e-04 -1.206149230711162090e-03 5.494772340171039104e-04 2.959568984806537628e-02 2.526951022446155548e-02 2.741454541683197021e-02 3.150134533643722534e-02 1.182640530169010162e-02 2.907285280525684357e-02 2.285783365368843079e-02 8.433015900664031506e-04 -2.524917363189160824e-04 4.571101162582635880e-03
6.177040748298168182e-03 -8.180770964827388525e-05 -1.017483416944742203e-03 -1.471419003792107105e-03 1.661288668401539326e-03 2.356021851301193237e-02 2.034366689622402191e-02 2.300957031548023224e-02 2.523831278085708618e-02 9.606483392417430878e-03 2.429676242172718048e-02 1.918138004839420319e-02 4.838826425839215517e-04 -4.721248988062143326e-04 5.930033046752214432e-03
-2.129460126161575317e-02 -4.172500339336693287e-04 -1.771593117155134678e-03 -1.622083014808595181e-03 7.334136404097080231e-03 1.662083901464939117e-03 1.202845480293035507e-03 5.322203971445560455e-03 1.068181823939085007e-03 -1.431545615196228027e-02 2.537715015932917595e-03 2.909713191911578178e-03 7.776756538078188896e-04 -1.048208330757915974e-03 1.053714752197265625e-02
-2.091972082853317261e-01 4.359225742518901825e-03 -7.387822843156754971e-04 -6.605583243072032928e-03 -1.361114829778671265e-01 -1.238557323813438416e-01 -1.262155473232269287e-01 -7.012410461902618408e-02 -1.667006015777587891e-01 -2.641414999961853027e-01 -1.231302544474601746e-01 -9.352699667215347290e-02 1.351928245276212692e-02 2.170923398807644844e-03 -9.212279319763183594e-02
-2.232730388641357422e-02 -1.478040777146816254e-02 -3.474067151546478271e-02 -1.362982485443353653e-02 5.037521123886108398e-01 -3.638326376676559448e-02 -2.845929376780986786e-02 -1.037203148007392883e-01 -3.273851796984672546e-02 4.720364883542060852e-02 -2.339913696050643921e-02 -1.681251823902130127e-02 -3.455234691500663757e-02 -2.429420500993728638e-02 2.930130660533905029e-01
