-1.595619879662990570e-02 7.929142157081514597e-05 1.829042885219678283e-04 -1.039000134915113449e-02 2.447667531669139862e-02 -1.785076106898486614e-03 -9.437283733859658241e-05 3.225172869861125946e-03 -3.199208527803421021e-02 3.763228654861450195e-02
-1.020137220621109009e-02 -1.883197925053536892e-03 -3.002838348038494587e-04 -1.419318094849586487e-02 -3.752931952476501465e-03 -3.298329189419746399e-03 -7.925761165097355843e-04 -1.705172471702098846e-04 -1.500841812230646610e-03 -1.195854879915714264e-02
-9.125479497015476227e-03 -1.948139397427439690e-03 -2.715687733143568039e-03 -2.071082033216953278e-02 -7.254850585013628006e-03 -5.971890408545732498e-03 -5.068421363830566406e-03 -2.860226668417453766e-03 6.089255213737487793e-03 -1.004138588905334473e-02
2.355288527905941010e-02 -9.786356240510940552e-03 -4.634961951524019241e-03 1.107157096266746521e-01 -2.264221943914890289e-02 1.482898183166980743e-02 1.078932266682386398e-02 -3.607994318008422852e-02 -1.468196809291839600e-01 -8.033879101276397705e-02
-1.859837770462036133e-01 1.511375978589057922e-02 2.412958443164825439e-02 -1.107459217309951782e-01 3.052803277969360352e-01 -7.532712072134017944e-02 -4.011115431785583496e-02 1.950736530125141144e-02 -1.937779933214187622e-01 4.525702595710754395e-01
-2.113036066293716431e-02 -1.946696545928716660e-03 -3.706425486598163843e-04 -1.719574071466922760e-02 1.548045873641967773e-02 -7.959029637277126312e-03 -2.548240125179290771e-03 3.091346705332398415e-03 -1.059951726347208023e-02 2.353723905980587006e-02
-1.580646634101867676e-02 -1.033399370498955250e-03 -1.790075766621157527e-04 -1.488862559199333191e-02 1.452873833477497101e-02 -7.248806301504373550e-03 -3.440601984038949013e-03 2.048474270850419998e-04 -1.718742400407791138e-02 2.267565950751304626e-02
-6.341472035273909569e-04 -2.895931480452418327e-03 -2.252305159345269203e-03 -1.664547249674797058e-02 -2.280390635132789612e-02 -2.520216396078467369e-03 -2.118265954777598381e-03 -2.319228136911988258e-03 2.012350782752037048e-02 -3.463874757289886475e-02
6.947325915098190308e-02 -1.294175535440444946e-02 -1.867576688528060913e-02 -2.946841716766357422e-01 -4.181449413299560547e-01 1.568681746721267700e-02 -3.749064728617668152e-02 -1.691601052880287170e-02 7.106021046638488770e-01 -6.656768918037414551e-01
-2.573635578155517578e-01 5.221724044531583786e-03 9.752779267728328705e-03 -1.011979877948760986e-01 2.712270319461822510e-01 -6.938553601503372192e-02 -1.690786704421043396e-02 4.157457873225212097e-02 -2.417387515306472778e-01 5.422499775886535645e-01
