3.441443433985114098e-03 4.929834604263305664e-02 -6.927620619535446167e-03 1.071186998160555959e-04 -1.328918617218732834e-02 1.478482503443956375e-02 8.070695213973522186e-03 3.063363255932927132e-03 1.719417865388095379e-03 -2.691611181944608688e-03
-3.284512320533394814e-03 -1.329179154708981514e-03 -9.303441271185874939e-03 1.576263690367341042e-03 -2.144407294690608978e-02 6.118968129158020020e-02 1.112072169780731201e-02 -2.231501974165439606e-03 2.931472146883606911e-03 -5.497951060533523560e-03
3.845411539077758789e-02 1.919597387313842773e-02 -7.467806804925203323e-03 -1.360618625767529011e-03 -1.424384396523237228e-02 6.913444399833679199e-02 -2.975003793835639954e-02 1.825506216846406460e-03 -3.187656693626195192e-04 -2.354599069803953171e-03
4.650203138589859009e-02 -5.847993120551109314e-02 -2.600937616080045700e-03 3.075212589465081692e-04 -4.977198690176010132e-02 1.705453693866729736e-01 2.890647947788238525e-02 -2.213704027235507965e-02 -1.673430763185024261e-02 -2.910634316504001617e-02
1.595300316810607910e+00 1.180522084236145020e+00 2.348692119121551514e-01 6.662917323410511017e-03 2.452391833066940308e-01 4.637480527162551880e-02 -9.515416622161865234e-02 -4.678361874539405107e-04 6.061924621462821960e-03 2.561267931014299393e-03
6.889521609991788864e-03 4.977259784936904907e-02 -4.563227761536836624e-03 -1.956604683073237538e-04 -1.209572888910770416e-02 4.261337220668792725e-02 3.403290733695030212e-02 6.787995807826519012e-03 1.649553538300096989e-03 -1.253587543033063412e-03
4.118664190173149109e-02 2.315724454820156097e-02 -7.939261849969625473e-04 -2.949162444565445185e-05 -1.427366491407155991e-02 5.072271078824996948e-02 -9.816793724894523621e-03 -5.883875768631696701e-03 8.860555244609713554e-04 -5.712831392884254456e-03
5.102009698748588562e-02 5.816919356584548950e-02 -2.310457872226834297e-03 -4.811081744264811277e-04 -1.155444700270891190e-02 -5.728493910282850266e-03 -1.290417835116386414e-02 -7.914660382084548473e-04 5.322286742739379406e-04 -2.658259589225053787e-03
-5.495508387684822083e-02 5.159264206886291504e-01 -1.200411915779113770e-01 8.414852432906627655e-03 -1.048447117209434509e-01 7.254698313772678375e-03 -1.460649520158767700e-01 2.929376251995563507e-02 -1.257623825222253799e-02 2.389032859355211258e-03
7.232902944087982178e-02 1.667136549949645996e-01 2.564283274114131927e-02 1.516059972345829010e-02 4.533010069280862808e-03 8.228459954261779785e-01 1.719082832336425781e+00 2.663332819938659668e-01 1.575545035302639008e-02 1.038372218608856201e-01
