1.887672394514083862e-01 3.244452551007270813e-02 3.054919093847274780e-02 -5.966816470026969910e-02 -1.194924488663673401e-02 -7.989862351678311825e-04 -1.449479907751083374e-02 3.370915539562702179e-03 -1.852134446380659938e-04 -4.589617252349853516e-02 3.202013671398162842e-02 5.417534615844488144e-03 -1.478535681962966919e-02 -6.130760163068771362e-02 5.457534454762935638e-03
1.032366231083869934e-01 1.104618087410926819e-01 2.756271325051784515e-02 -5.350888893008232117e-02 6.080175936222076416e-02 -3.125165402889251709e-02 1.643236353993415833e-02 -6.175539456307888031e-03 6.425776984542608261e-03 -3.953466191887855530e-02 -1.535403169691562653e-02 -2.144350484013557434e-02 1.150109339505434036e-02 4.208141472190618515e-04 -2.824657037854194641e-02
-3.666290640830993652e-02 4.709471017122268677e-02 2.005779184401035309e-02 -7.528845965862274170e-02 6.604177504777908325e-02 -1.633006148040294647e-02 1.370763778686523438e-02 3.076328150928020477e-02 -4.721871763467788696e-02 2.599781379103660583e-02 4.624869301915168762e-02 2.277961745858192444e-02 -3.851208835840225220e-02 -1.446825452148914337e-02 -2.045771479606628418e-02
1.493679642677307129e+00 -2.952959537506103516e-01 -2.585095465183258057e-01 4.136771857738494873e-01 2.588730864226818085e-02 -6.129938364028930664e-02 -1.937510371208190918e-01 -2.299904227256774902e-01 -7.226382941007614136e-02 -8.398731797933578491e-02 -1.203386038541793823e-01 -2.487060427665710449e-01 -5.271211639046669006e-02 -3.837310522794723511e-02 2.719323150813579559e-02
-2.166151441633701324e-02 9.545389562845230103e-02 5.005803331732749939e-02 -1.506955549120903015e-02 5.163617134094238281e-01 -1.286679655313491821e-01 4.485158622264862061e-02 -6.976556777954101562e-02 -7.270865887403488159e-02 7.603184133768081665e-02 -1.446598470211029053e-01 -1.870366930961608887e-01 -8.586948737502098083e-03 1.553104519844055176e-01 -5.380274727940559387e-02
2.248210012912750244e-01 -2.800861559808254242e-02 3.630645573139190674e-03 -1.670254580676555634e-02 -8.447800576686859131e-02 1.356279402971267700e-01 -4.161270707845687866e-02 4.542754590511322021e-02 -1.784803159534931183e-02 1.900769025087356567e-02 1.265693008899688721e-01 9.275101870298385620e-02 -4.705915600061416626e-02 -1.003867909312248230e-01 6.719846278429031372e-02
-2.424076944589614868e-01 1.775361970067024231e-02 4.570235311985015869e-02 -7.453767210245132446e-02 3.731582686305046082e-02 -2.236396260559558868e-02 3.453458249568939209e-01 6.465356796979904175e-02 2.411740086972713470e-02 2.528295665979385376e-02 -4.230692610144615173e-02 -5.928619951009750366e-02 -2.734424732625484467e-02 -3.792749345302581787e-02 -1.556887179613113403e-01
-6.360782980918884277e-01 -1.973025128245353699e-02 3.919318690896034241e-02 -8.193147927522659302e-02 -4.306801781058311462e-02 3.032481111586093903e-02 4.628618713468313217e-03 1.122550666332244873e-01 -6.231753528118133545e-02 6.324696540832519531e-02 7.040552049875259399e-02 1.993479207158088684e-02 -7.696833461523056030e-02 -9.807460755109786987e-02 -5.820584297180175781e-02
3.944131851196289062e+00 2.122109010815620422e-02 -1.965324766933917999e-02 1.001488193869590759e-01 1.633381843566894531e-02 5.713617801666259766e-02 4.526482149958610535e-02 2.656480669975280762e-02 2.424986958503723145e-01 2.464342862367630005e-02 -2.090604007244110107e-01 1.697095930576324463e-01 1.382528096437454224e-01 -8.040343970060348511e-02 1.665348559617996216e-01
5.516781806945800781e-01 -5.836939066648483276e-02 2.002409845590591431e-02 2.172237262129783630e-02 7.623056322336196899e-02 3.808173537254333496e-02 4.859021864831447601e-03 2.611771598458290100e-02 -1.829157955944538116e-02 4.092487692832946777e-01 4.629054293036460876e-02 1.040863543748855591e-01 3.113035857677459717e-02 9.300303645431995392e-03 4.482588917016983032e-02
2.505964636802673340e-01 -2.086313907057046890e-03 3.749569505453109741e-02 -4.803286492824554443e-02 6.348927039653062820e-03 1.683966070413589478e-02 -3.805113211274147034e-02 1.615689508616924286e-02 -1.015198156237602234e-01 2.018644846975803375e-02 1.725154519081115723e-01 4.797893017530441284e-02 -6.292644143104553223e-02 -3.524811938405036926e-02 5.657776445150375366e-02
1.545432060956954956e-01 -3.762144595384597778e-03 1.330185309052467346e-02 -5.724599119275808334e-03 -2.409392222762107849e-02 4.556363075971603394e-02 -4.595244769006967545e-03 1.768424175679683685e-02 1.080412790179252625e-02 2.326193824410438538e-02 5.787650495767593384e-02 5.527421832084655762e-02 9.323196136392652988e-04 -2.674212493002414703e-02 1.080165952444076538e-01
6.611752510070800781e-01 6.303738802671432495e-02 -1.191205251961946487e-02 -4.108358174562454224e-02 -2.588316611945629120e-02 -2.079360000789165497e-02 -2.368121594190597534e-02 -1.869369670748710632e-02 3.421954810619354248e-02 -1.309238523244857788e-01 -1.329013053327798843e-02 -5.795961245894432068e-02 1.892721951007843018e-01 -5.633581057190895081e-02 -2.569616958498954773e-02
1.175910592079162598e+00 -5.780033022165298462e-02 -3.667999431490898132e-02 -1.854785233736038208e-01 -2.780071459710597992e-03 -2.257120609283447266e-01 -3.982761129736900330e-02 -1.934924721717834473e-01 -9.611582756042480469e-02 -6.254277378320693970e-02 -1.664362102746963501e-01 -1.782159358263015747e-01 -1.808590292930603027e-01 4.158884882926940918e-01 -1.268429309129714966e-01
1.317176938056945801e+00 -5.802427232265472412e-02 -5.352568626403808594e-02 1.010799184441566467e-01 4.031901806592941284e-02 1.019313000142574310e-02 -1.101427897810935974e-01 -6.459650397300720215e-02 -3.696027398109436035e-02 -2.984426729381084442e-02 6.614974141120910645e-02 1.169939115643501282e-01 6.610209587961435318e-03 4.334215819835662842e-02 3.599054515361785889e-01
