9.669975643203022371e-06 6.847816248577246567e-06 8.133291929967431444e-06 1.690110500804642695e-04 8.830280406857076814e-05 7.620647775984450191e-06 9.086208185984240293e-06 6.943282623601282688e-06 1.659923996662209141e-04 9.377584145739975975e-05 9.372599495007810728e-06 5.715558866960529047e-06 6.014058303170986928e-06 1.781769883194040413e-04 9.119859028225870388e-05
6.536253047983065627e-06 6.365226680755387227e-06 6.568342934776428901e-06 1.571883821812057906e-04 6.445968863162305248e-05 5.980913345846730778e-06 6.935863537831313845e-06 5.036405881233885509e-06 1.731011069395390061e-04 8.683959530437336896e-05 6.171732378127116835e-06 7.401194259167475354e-06 5.131311867888459063e-06 1.614369658045192494e-04 1.002828498081015195e-04
6.167662118703506027e-06 7.326553071174695456e-06 6.934619324225884063e-06 2.118150335323419869e-04 9.182879368366925850e-05 5.176669345538594368e-06 8.010298610985106969e-06 7.537162617698084578e-06 1.809261034807950138e-04 1.144544528277507457e-04 6.956352347433769008e-06 5.783621219027044053e-06 6.147291027502256819e-06 1.895511991408971471e-04 1.079076206431560316e-04
4.011252928269731246e-05 4.333915007026486251e-05 3.324103065521069925e-05 4.093143418086416982e-04 2.009919307858252060e-04 3.841090734391962980e-05 3.891117647757087939e-05 4.035183027486581418e-05 4.090592746631678892e-04 2.098344045070267214e-04 4.193731830388324611e-05 4.282101352371781944e-05 4.189997048840953789e-05 4.098164866673777509e-04 1.908026584574680279e-04
6.964643828896554926e-05 7.518875853431883816e-05 7.236433819131338728e-05 2.339462177745908267e-04 6.000009402209841329e-04 1.748992615951343554e-05 3.080399103288652230e-05 2.225703634334197167e-05 1.982172050008958869e-04 1.353242606454858876e-04 2.374236667774500871e-05 2.253402212345850957e-05 2.331990207035388804e-05 2.280157917376396468e-04 1.924383604710128918e-04
3.991862896951836263e-06 6.132902511053521128e-06 6.969625879647274316e-06 1.683277511213725815e-04 7.947375632943803284e-05 7.526313485112136094e-06 6.796575261870521394e-06 1.023222230816919237e-05 1.835058611675627826e-04 1.121462620261235430e-04 6.508119418645849413e-06 6.840758101052801657e-06 7.235083823955133684e-06 1.904561627682142518e-04 7.695099619294931258e-05
6.626243106817582947e-06 7.643934675348739864e-06 4.231696196633236577e-06 1.797873123461080894e-04 7.612329531433917470e-05 8.747660983695436642e-06 5.870838245862986290e-06 6.689074435342339115e-06 1.843577004663413262e-04 9.603115589549665555e-05 7.982988609055767935e-06 5.853630093077901574e-06 6.543648605243882321e-06 1.651334992805999428e-04 9.011277929374842213e-05
6.783916656324921660e-06 7.945140247388771554e-06 6.753990539336725805e-06 1.667355312126110036e-04 1.013517322861477753e-04 6.997828134028582210e-06 7.465178439998660676e-06 7.449363237469526177e-06 1.887242701978495590e-04 8.184550815842998048e-05 7.879701736714328793e-06 8.030123458604311170e-06 7.175472803249988089e-06 1.677090696368902921e-04 8.377335525792145468e-05
3.606330025612885577e-05 4.436219932026439487e-05 3.414420175723495963e-05 3.994475383850862814e-04 1.798707106305727488e-04 4.162659430187085584e-05 4.089301014156162509e-05 3.986619663201415229e-05 3.997475013519839553e-04 2.005131638221166349e-04 4.721640463124118195e-05 4.148242745243775799e-05 3.585610575220375733e-05 3.855806514792723349e-04 2.007943321974255894e-04
2.025524818926391159e-05 1.411377809681208652e-05 2.345945318406454817e-05 2.497171790413044005e-04 1.297817320407044313e-04 8.040440634914282217e-05 7.928480933600311816e-05 8.798541330486463554e-05 2.360555754861054815e-04 5.975034160382131998e-04 2.493285322367798720e-05 2.097307021473725043e-05 2.118573043481018569e-05 2.217491555252270631e-04 1.276426940679993853e-04
4.705443781314393409e-06 9.254337383502250978e-06 6.830581632827866022e-06 2.054686947833459193e-04 7.582811811149644697e-05 8.574074467629263759e-06 6.209013272735328830e-06 6.721619657272608017e-06 1.855578277594492403e-04 5.441690280174216621e-05 4.702152889590914906e-06 8.707195276752821342e-06 7.192582599300951283e-06 2.042915472429841361e-04 8.714834600270730662e-05
7.782283150840145809e-06 9.122616910339974725e-06 7.214084248277756212e-06 1.712215508169054800e-04 8.148157667560618114e-05 8.526518218905910454e-06 7.479823017192843889e-06 7.706570534615093395e-06 2.022097281250316916e-04 9.103119137737025301e-05 7.580691360150046915e-06 8.361233312305895167e-06 6.924322394337732844e-06 1.720945618867823778e-04 9.321511285039352083e-05
7.593545124268745779e-06 8.744202438920259599e-06 8.351092414630098684e-06 1.752717372441828128e-04 8.982131730971381592e-05 4.800416600764441196e-06 5.397168996971489561e-06 8.844714305985817502e-06 2.092949609236639959e-04 8.770209976702216664e-05 6.235675441095963356e-06 7.215020645615115949e-06 7.081654159459251675e-06 2.094645030555069177e-04 8.549240789252426866e-05
4.047229164022986416e-05 4.724254752420549826e-05 3.923864466586548936e-05 4.190554926126905939e-04 1.892304088382293597e-04 3.867252552038825166e-05 4.180530206759578029e-05 4.213305741072525347e-05 3.969144182143224953e-04 2.005502062896703732e-04 3.781539061826663087e-05 4.583346711517011159e-05 4.619834529594473056e-05 3.981381846208253300e-04 1.961362794466748054e-04
2.498349537997906000e-05 2.052787804223511620e-05 2.199257409029438881e-05 2.292863356272360862e-04 1.547341729576535833e-04 2.718104279515677120e-05 2.256440188527845643e-05 1.888389169421408450e-05 2.106728426731872968e-04 1.336182486539914743e-04 7.360333117422941749e-05 7.610208620256834209e-05 7.524781693343870895e-05 2.459403787803147784e-04 6.210476534252876244e-04
