-4.196521826088428497e-03 -7.154227932915091515e-04 -2.538583939895033836e-03 -7.503342349082231522e-04 8.300884510390460491e-04 -3.319508861750364304e-03 -2.482701092958450317e-03 -4.733789246529340744e-03 -1.954526873305439949e-03 5.488160066306591034e-03 -1.959572546184062958e-03 -1.980313565582036972e-03 -7.922564982436597347e-04 -2.923758933320641518e-03 -1.685559563338756561e-02
-1.671014237217605114e-03 1.203259802423417568e-03 -1.270115462830290198e-04 5.431535537354648113e-04 -6.113609299063682556e-03 -1.694191480055451393e-03 -1.238930271938443184e-03 -3.769051050767302513e-03 -2.830463345162570477e-04 -1.997332647442817688e-02 -1.314020948484539986e-03 -6.127431988716125488e-04 7.920489297248423100e-04 -1.506161876022815704e-03 -3.390449658036231995e-02
-4.879195243120193481e-03 6.965241045691072941e-04 -4.545498813968151808e-04 6.392389768734574318e-04 -7.138147950172424316e-03 -2.223454881459474564e-03 -1.462597283534705639e-03 -3.804014297202229500e-03 -7.084628450684249401e-04 7.592285517603158951e-03 -1.611118088476359844e-03 -3.799888363573700190e-04 4.418818280100822449e-04 -1.974046230316162109e-03 -1.910435035824775696e-02
7.605070713907480240e-03 3.002020716667175293e-02 2.217630669474601746e-02 3.095984645187854767e-02 -1.836953461170196533e-01 9.972569532692432404e-03 1.342676952481269836e-02 -7.233231328427791595e-03 2.050234936177730560e-02 -1.055386140942573547e-01 1.163040753453969955e-02 2.563099749386310577e-02 2.515033632516860962e-02 7.699739653617143631e-03 -2.980073690414428711e-01
-2.920681238174438477e-01 -1.516232639551162720e-01 -1.158519312739372253e-01 -1.409566253423690796e-01 1.069616436958312988e+00 -1.491589844226837158e-01 -1.196883991360664368e-01 -9.978773444890975952e-02 -1.292592883110046387e-01 4.565452784299850464e-02 -1.171463355422019958e-01 -1.505960971117019653e-01 -1.091780737042427063e-01 -9.422776103019714355e-02 2.676273882389068604e-01
2.000170992687344551e-03 9.084003395400941372e-04 -5.246346700005233288e-04 1.306493417359888554e-03 -1.001873053610324860e-02 -1.294349902309477329e-03 -4.827427328564226627e-04 -2.158861840143799782e-03 1.744294968375470489e-05 5.085681378841400146e-02 -2.697054587770253420e-04 1.204271393362432718e-04 7.644355064257979393e-04 -1.072399900294840336e-03 -5.192433483898639679e-03
7.258683908730745316e-04 1.200550701469182968e-03 -8.114244556054472923e-04 1.405262970365583897e-03 -7.374213077127933502e-03 -1.401692978106439114e-03 -9.440683061257004738e-04 -3.098262473940849304e-03 1.264342718059197068e-04 4.814704135060310364e-02 -5.354736349545419216e-04 2.180844894610345364e-04 7.571458700112998486e-04 -1.268311054445803165e-03 -2.533652354031801224e-03
5.756640806794166565e-03 1.380021683871746063e-03 -1.507737470092251897e-04 1.532329362817108631e-03 -9.734072722494602203e-03 -6.627307157032191753e-04 -1.353781262878328562e-04 -1.958707580342888832e-03 5.456649232655763626e-04 3.582687675952911377e-02 1.401354966219514608e-04 6.539517780765891075e-04 1.281510572880506516e-03 -4.883846268057823181e-04 -8.454565890133380890e-03
3.265649545937776566e-03 2.749795094132423401e-02 1.930780336260795593e-02 2.541940286755561829e-02 -1.713896542787551880e-01 8.278181776404380798e-03 9.412832558155059814e-03 -5.288424436002969742e-03 1.682324334979057312e-02 -7.908974587917327881e-02 9.017686359584331512e-03 2.017016150057315826e-02 2.300027944147586823e-02 4.857216030359268188e-03 -2.916098535060882568e-01
8.334890007972717285e-03 -7.759729865938425064e-03 -3.082626871764659882e-02 -1.101809833198785782e-02 -3.060865774750709534e-02 -2.101909182965755463e-02 -2.152445167303085327e-02 -1.615846529603004456e-02 -3.320249728858470917e-03 6.729223132133483887e-01 -1.322707813233137131e-02 -1.519753597676753998e-02 -4.253288730978965759e-03 -8.096674457192420959e-03 6.772765517234802246e-02
-1.761862658895552158e-04 1.843950827606022358e-03 6.232163868844509125e-04 2.154221758246421814e-03 -9.211272932589054108e-03 -6.719661760143935680e-04 -1.055075044860132039e-04 -2.619147300720214844e-03 6.739507662132382393e-04 -4.263482987880706787e-03 8.890068274922668934e-04 1.443712157197296619e-03 1.432381453923881054e-03 -8.078498649410903454e-04 1.218327414244413376e-02
-6.401346996426582336e-03 2.415338298305869102e-03 1.579789328388869762e-03 2.363476902246475220e-03 -1.597431860864162445e-02 -1.215977594256401062e-03 -1.691826182650402188e-04 -3.550406312569975853e-03 4.645456501748412848e-04 -1.634904183447360992e-02 -8.136130782077088952e-05 1.171900192275643349e-03 1.473457319661974907e-03 -1.260647084563970566e-03 1.977574778720736504e-03
4.224447533488273621e-03 1.761145540513098240e-03 1.170475850813090801e-03 1.998195890337228775e-03 -1.278184633702039719e-02 -8.181754965335130692e-04 5.121227877680212259e-05 -2.426061080768704414e-03 2.681357727851718664e-04 -5.897104274481534958e-03 5.544480518437922001e-04 1.081977388821542263e-03 1.579833333380520344e-03 -1.402306370437145233e-03 2.631855662912130356e-03
3.888998553156852722e-02 2.749743498861789703e-02 1.810550875961780548e-02 2.918771468102931976e-02 -1.628849357366561890e-01 8.798456750810146332e-03 1.030830666422843933e-02 -1.133554708212614059e-02 1.405588909983634949e-02 -7.160124182701110840e-02 1.009234134107828140e-02 2.100532501935958862e-02 2.319332584738731384e-02 3.986930474638938904e-03 -2.234921902418136597e-01
-7.585388422012329102e-01 -9.256249666213989258e-02 -3.347043693065643311e-02 -7.926357537508010864e-02 1.024054642766714096e-02 -8.992107957601547241e-02 -6.338368356227874756e-02 1.550592035055160522e-01 -9.002696722745895386e-02 -2.714751958847045898e-01 -4.498977586627006531e-02 -9.291020035743713379e-02 -9.752215445041656494e-02 -8.259634673595428467e-02 2.203466653823852539e+00
