4.821631882805377245e-04 5.387366749346256256e-03 2.369586611166596413e-03 -9.613333968445658684e-04 3.653177525848150253e-03 1.794476062059402466e-03 1.397172221913933754e-03 5.435605999082326889e-03 3.725970163941383362e-04 2.455412875860929489e-03
-2.825802657753229141e-04 4.167309496551752090e-03 2.356338547542691231e-03 1.001232594717293978e-04 4.511960316449403763e-03 1.939436071552336216e-03 4.469088162295520306e-04 4.763352219015359879e-03 1.226141699589788914e-03 2.181539079174399376e-03
3.007778286701068282e-05 5.455048289149999619e-03 2.262456109747290611e-03 -1.004331628791987896e-03 4.360510036349296570e-03 9.324375423602759838e-04 5.477064987644553185e-04 4.008671734482049942e-03 9.483339381404221058e-04 3.261851845309138298e-03
-1.112285256385803223e-02 1.941353827714920044e-02 1.218057982623577118e-02 1.923632435500621796e-02 4.560348391532897949e-02 1.855861395597457886e-03 -6.906859576702117920e-03 2.414391934871673584e-02 2.011506259441375732e-02 1.155852992087602615e-02
-3.954844083636999130e-03 1.370994653552770615e-02 1.417275704443454742e-02 6.427179556339979172e-03 3.740235790610313416e-02 4.011782817542552948e-03 -3.375549102202057838e-03 1.727881282567977905e-02 1.748097687959671021e-02 2.184883132576942444e-02
2.504567382857203484e-04 7.489752955734729767e-03 2.602726221084594727e-03 1.440229476429522038e-03 7.071105763316154480e-03 9.171395504381507635e-05 5.560130812227725983e-04 6.259570829570293427e-03 1.923378673382103443e-03 2.590391086414456367e-03
6.791187915951013565e-04 7.172639947384595871e-03 4.153310786932706833e-03 1.739136292599141598e-03 8.423320949077606201e-03 1.353409723378717899e-03 -3.432654193602502346e-04 6.742685101926326752e-03 1.970731653273105621e-03 1.705647679045796394e-03
3.027526836376637220e-04 2.933585550636053085e-03 3.627381753176450729e-03 9.292924369219690561e-05 4.527350421994924545e-03 1.649272395297884941e-03 5.904268255108036101e-05 4.848003853112459183e-03 3.006891114637255669e-03 1.785360975190997124e-03
-3.111559897661209106e-02 7.125780452042818069e-03 1.498889364302158356e-02 -9.973281994462013245e-04 4.918444529175758362e-02 6.967735476791858673e-03 -3.844402031973004341e-03 4.813587665557861328e-02 4.482631757855415344e-02 8.981879800558090210e-03
1.254848903045058250e-03 2.089455723762512207e-02 1.573377661406993866e-02 3.814172931015491486e-03 3.693822398781776428e-02 8.527532219886779785e-03 4.318480845540761948e-03 2.975375019013881683e-02 1.774452626705169678e-02 3.645825386047363281e-02
