3.653380263131111860e-04 2.071847848128527403e-04 3.633488959167152643e-04 -7.639142568223178387e-04 5.136359483003616333e-03 5.933823995292186737e-04 1.592030515894293785e-03 5.584358004853129387e-04 1.900661154650151730e-04 1.689828815869987011e-03 9.146453230641782284e-04 3.465315967332571745e-04 1.591848995303735137e-04 2.451086766086518764e-04 8.132889051921665668e-04
2.474090782925486565e-03 6.647875998169183731e-04 -9.568760287947952747e-05 -4.051495343446731567e-04 9.373897919431328773e-04 1.189048634842038155e-03 2.584568457677960396e-03 1.195230288431048393e-03 9.627673425711691380e-04 2.519069937989115715e-03 1.613568281754851341e-03 4.593957855831831694e-04 1.087872311472892761e-03 8.046160219237208366e-04 1.337340101599693298e-03
2.543874084949493408e-03 5.093682557344436646e-04 -1.716812112135812640e-04 -2.221197355538606644e-04 5.561823491007089615e-04 1.117106410674750805e-03 3.064535558223724365e-03 8.195064147002995014e-04 3.863285819534212351e-04 2.104322891682386398e-03 1.502650207839906216e-03 8.095846278592944145e-04 1.130409422330558300e-03 6.757823866792023182e-04 9.289835579693317413e-04
-6.359817925840616226e-03 2.877714810892939568e-03 4.872587669524364173e-05 -4.294825717806816101e-03 -9.147892706096172333e-03 -6.091159884817898273e-04 1.377701410092413425e-03 -8.367863483726978302e-04 -2.218063920736312866e-03 5.629411432892084122e-03 5.997151602059602737e-04 1.692740188445895910e-04 2.341637387871742249e-03 -6.978014134801924229e-04 -3.074134932830929756e-03
-1.114993840456008911e-01 9.812168776988983154e-03 9.167218580842018127e-03 -3.628542274236679077e-02 5.289963632822036743e-02 -3.302362561225891113e-02 -3.054276481270790100e-02 -3.191938996315002441e-02 -2.852337434887886047e-02 -2.554497309029102325e-02 -3.107877075672149658e-02 -3.307770937681198120e-02 -3.071579337120056152e-02 -3.876771032810211182e-02 -2.908579260110855103e-02
7.619988755322992802e-04 6.049500661902129650e-04 -2.045829605776816607e-04 -4.304005706217139959e-04 3.581231576390564442e-04 8.501980337314307690e-04 2.643349580466747284e-03 5.036782240495085716e-04 7.188249583123251796e-05 1.878693467006087303e-03 9.205542155541479588e-04 3.901028831023722887e-04 5.928493337705731392e-04 -3.239408542867749929e-04 4.197903326712548733e-04
1.720897969789803028e-03 4.950196598656475544e-04 1.009816915029659867e-04 -3.502314502838999033e-04 1.995789119973778725e-03 1.177655998617410660e-03 2.351010683923959732e-03 7.764638285152614117e-04 2.478115202393382788e-04 2.285315655171871185e-03 1.567662344314157963e-03 7.973222527652978897e-04 9.862771257758140564e-04 5.803377716802060604e-04 1.023940509185194969e-03
7.296280236914753914e-04 4.682621511165052652e-04 2.645415370352566242e-04 -8.086209418252110481e-04 3.328437218442559242e-03 8.393732132390141487e-04 2.452387940138578415e-03 5.009928136132657528e-04 -1.532959431642666459e-04 1.663582283072173595e-03 1.351015758700668812e-03 5.197583232074975967e-04 4.099092038813978434e-04 1.368476023344555870e-05 6.411899812519550323e-04
-9.357613744214177132e-04 4.883851390331983566e-03 1.423695648554712534e-04 -7.595705799758434296e-03 2.906960435211658478e-02 1.437785569578409195e-03 4.931050818413496017e-03 7.485302630811929703e-03 2.431597327813506126e-03 1.045318134129047394e-02 7.598902098834514618e-03 2.832055324688553810e-03 3.793460084125399590e-03 -4.170787055045366287e-03 2.471074229106307030e-03
3.275648131966590881e-02 2.024559536948800087e-03 -1.028334721922874451e-03 3.953089006245136261e-03 1.495621260255575180e-02 1.371425390243530273e-02 2.419533394277095795e-02 1.353139057755470276e-02 9.775135666131973267e-03 1.766942627727985382e-02 1.556676253676414490e-02 1.268127467483282089e-02 1.088524144142866135e-02 1.095838379114866257e-02 1.425386033952236176e-02
7.719473796896636486e-04 8.699597674421966076e-04 4.870287375524640083e-05 -1.066714641638100147e-03 1.711544347926974297e-03 9.328515152446925640e-04 1.980501459911465645e-03 2.393369941273704171e-04 1.703337038634344935e-04 1.811277004890143871e-03 1.161883585155010223e-03 5.629495717585086823e-04 4.828006203752011061e-04 -3.516557917464524508e-04 6.633563898503780365e-04
2.979797427542507648e-04 5.967841134406626225e-04 8.824910037219524384e-05 -8.338256739079952240e-04 2.008277457207441330e-03 4.681013815570622683e-04 1.670857658609747887e-03 4.094320756848901510e-04 1.001698037725873291e-04 1.503721112385392189e-03 1.064628944732248783e-03 3.347036836203187704e-04 5.184036563150584698e-04 1.500026846770197153e-04 8.649676456116139889e-04
-2.226345706731081009e-03 5.221526371315121651e-04 1.720650761853903532e-04 -1.408079871907830238e-03 4.844200797379016876e-03 -2.337951009394600987e-04 -1.217733642988605425e-05 -9.181087079923599958e-05 -5.132355727255344391e-04 6.682106177322566509e-04 1.180231120088137686e-04 -4.752549866680055857e-04 7.950438157422468066e-05 -9.487452334724366665e-04 -3.079235902987420559e-04
-4.134824965149164200e-03 1.736304257065057755e-03 7.538746576756238937e-04 1.279904507100582123e-03 6.675705313682556152e-03 8.131294162012636662e-04 1.161678519565612078e-04 -4.360548220574855804e-03 -5.406772717833518982e-03 6.305044516921043396e-03 -3.669047262519598007e-03 1.470613351557403803e-04 6.151258945465087891e-03 1.021689269691705704e-03 -2.905890112742781639e-03
2.965578995645046234e-02 4.478211340028792620e-04 -1.037968904711306095e-03 2.838229527696967125e-03 2.177775651216506958e-02 1.161916833370923996e-02 1.715180277824401855e-02 1.200493611395359039e-02 9.270092472434043884e-03 1.628318056464195251e-02 1.292254216969013214e-02 1.109227910637855530e-02 8.759270422160625458e-03 9.534980170428752899e-03 1.322074141353368759e-02
