5.644707083702087402e-01 5.292085185647010803e-02 3.895603716373443604e-01 2.352794855833053589e-01 1.211590878665447235e-02 1.741694360971450806e-01 -1.545216143131256104e-01 9.321792051196098328e-03 1.670598983764648438e-03 9.082446247339248657e-02
-4.307907447218894958e-02 1.615332067012786865e-01 -4.447323679924011230e-01 9.471540898084640503e-02 1.668094843626022339e-01 -3.076227568089962006e-02 2.214183509349822998e-01 -6.925099063664674759e-03 -2.741728909313678741e-02 1.798655278980731964e-02
4.009776748716831207e-04 2.678273449419066310e-05 6.034812889993190765e-03 1.271467772312462330e-04 -4.827243174077011645e-07 1.955954940058290958e-05 1.302134569414192811e-05 7.179557724157348275e-05 1.521234516985714436e-04 8.593870006734505296e-05
2.990565598011016846e-01 4.481869935989379883e-02 -2.876189053058624268e-01 2.275826036930084229e-01 1.093301400542259216e-01 1.437492817640304565e-01 9.209867566823959351e-02 2.928690239787101746e-02 -2.649088390171527863e-02 8.920550346374511719e-02
5.978349945507943630e-04 -2.238926710560917854e-03 -5.302466917783021927e-03 -8.244875818490982056e-03 7.368641439825296402e-03 -3.387421602383255959e-03 9.697728790342807770e-03 5.727740935981273651e-03 1.432607974857091904e-02 5.915474612265825272e-03
3.585220277309417725e-01 -6.459479033946990967e-02 8.892728947103023529e-03 2.103693410754203796e-02 3.171084448695182800e-02 7.722039520740509033e-02 3.290953114628791809e-02 6.440345197916030884e-02 5.225737020373344421e-02 4.785942286252975464e-02
5.908443927764892578e-01 4.291938617825508118e-02 5.395196676254272461e-01 2.154058814048767090e-01 2.336745674256235361e-04 1.686141937971115112e-01 -1.463521420955657959e-01 1.051792688667774200e-02 -3.251954214647412300e-03 6.855679303407669067e-02
3.423695266246795654e-02 -2.540743723511695862e-02 1.213785074651241302e-02 -4.185195639729499817e-02 1.379682309925556183e-02 -1.312385033816099167e-02 -3.602699376642704010e-03 4.276687279343605042e-02 4.517870396375656128e-02 1.479081064462661743e-02
1.073051095008850098e-01 -4.704232886433601379e-02 1.594818830490112305e-01 -6.607253849506378174e-02 -4.686538595706224442e-03 -3.485757857561111450e-02 -2.879640087485313416e-02 2.307171002030372620e-02 1.182045117020606995e-01 7.874555140733718872e-02
1.765619665384292603e-01 -5.080190300941467285e-02 2.205720916390419006e-02 -4.622992128133773804e-02 2.803087234497070312e-03 -1.297038863413035870e-03 -2.116417698562145233e-02 3.078943304717540741e-02 7.333079725503921509e-02 4.420973360538482666e-02
