-2.065204828977584839e-02 -2.589366631582379341e-03 2.161925099790096283e-02 -7.142920978367328644e-03 1.101326048374176025e-01 4.902461078017950058e-03 -9.131189435720443726e-03 5.614025518298149109e-03 5.607433151453733444e-03 -1.237317081540822983e-02 -4.218885806039907038e-05 5.727095995098352432e-03 5.907649756409227848e-05 1.059458311647176743e-02 -2.646176842972636223e-03
-1.936112903058528900e-02 7.339618634432554245e-03 1.602591387927532196e-02 -4.106210079044103622e-03 7.835687696933746338e-02 7.559701334685087204e-03 -1.482259563090337906e-06 3.318012459203600883e-03 4.701718688011169434e-03 -2.476445026695728302e-02 1.661659567616879940e-03 3.752294695004820824e-03 3.210578113794326782e-03 8.444492705166339874e-03 8.973330523076583631e-07
-1.663905754685401917e-02 1.076812949031591415e-02 2.077525109052658081e-02 -9.921774268150329590e-03 3.039994277060031891e-02 5.313230678439140320e-03 -9.541061008349061012e-04 3.891411237418651581e-03 1.308823842555284500e-02 2.298831474035978317e-03 2.522961236536502838e-03 5.717357154935598373e-03 1.882102224044501781e-03 2.610524930059909821e-02 -2.506666351109743118e-03
-8.691737800836563110e-02 -7.663279771804809570e-02 -1.807597652077674866e-02 5.599860548973083496e-01 4.275433346629142761e-02 5.296102911233901978e-02 9.532805532217025757e-03 8.723025023937225342e-02 1.111760884523391724e-01 -4.102129116654396057e-02 3.065232932567596436e-02 7.185676693916320801e-02 6.293522566556930542e-02 -9.809662401676177979e-02 -9.517003595829010010e-02
-2.505171857774257660e-02 -1.343946754932403564e-01 7.950134575366973877e-02 3.566824831068515778e-03 1.140165805816650391e+00 -8.253028616309165955e-03 -7.795944064855575562e-02 6.340581923723220825e-02 -6.090643629431724548e-02 -1.046370435506105423e-02 -2.294366434216499329e-02 2.563540264964103699e-02 -8.752779103815555573e-03 -8.919869363307952881e-02 -2.143970131874084473e-02
-1.947177201509475708e-02 -1.161782070994377136e-03 1.047695614397525787e-02 1.342795672826468945e-03 -9.313017129898071289e-03 1.210007700137794018e-03 -1.160714961588382721e-02 1.164278574287891388e-02 1.237829029560089111e-02 5.750513821840286255e-02 -2.300748368725180626e-03 3.242545528337359428e-03 9.479378932155668736e-04 3.191906958818435669e-03 3.059083363041281700e-03
-1.971683837473392487e-02 -4.755362402647733688e-03 1.256612781435251236e-02 -5.069005303084850311e-03 -3.571172710508108139e-03 -3.877180395647883415e-03 -1.804020628333091736e-02 8.841188624501228333e-03 1.063755620270967484e-02 6.978722661733627319e-02 -4.358467645943164825e-03 -4.975383635610342026e-04 -1.711938646622002125e-03 7.425264455378055573e-03 -8.347087539732456207e-03
-2.189293690025806427e-02 2.503297058865427971e-03 1.742841117084026337e-02 -1.198955439031124115e-02 2.179128117859363556e-02 2.824422437697649002e-03 -9.342764504253864288e-03 7.407129742205142975e-03 1.884112693369388580e-02 2.811913378536701202e-02 -1.271047280170023441e-03 5.308591295033693314e-03 2.603403409011662006e-04 8.319844491779804230e-03 1.639485708437860012e-03
-4.396935552358627319e-02 1.251107454299926758e-01 9.362566471099853516e-02 5.059656873345375061e-02 -7.349332422018051147e-02 1.004377081990242004e-01 1.088761389255523682e-01 1.106786206364631653e-01 5.333724617958068848e-01 -6.572685390710830688e-02 2.437312528491020203e-02 8.299022912979125977e-02 7.220684736967086792e-02 -8.982528746128082275e-02 -2.710237354040145874e-02
-4.877754673361778259e-02 -1.287322342395782471e-01 4.851654917001724243e-02 -4.298268631100654602e-02 -6.892915349453687668e-03 -8.869903534650802612e-02 -1.869122833013534546e-01 1.074301749467849731e-01 1.318926643580198288e-02 8.375840187072753906e-01 -5.160572007298469543e-02 -2.773076854646205902e-02 -2.225856482982635498e-02 -4.199531301856040955e-02 9.241823107004165649e-03
-1.813450828194618225e-02 2.824678318575024605e-03 2.062109066173434258e-03 -1.090660132467746735e-02 3.546923166140913963e-03 4.010037053376436234e-03 -1.801537349820137024e-02 6.892925594002008438e-03 9.340806864202022552e-03 8.353464305400848389e-03 1.707228017039597034e-03 8.993808180093765259e-03 6.409666500985622406e-03 -5.854116287082433701e-03 8.067725598812103271e-02
-1.443244796246290207e-02 4.745225887745618820e-03 3.366095945239067078e-03 -1.086100284010171890e-02 1.076899748295545578e-02 1.719251275062561035e-03 -1.470758672803640366e-02 7.370012812316417694e-03 1.180491968989372253e-02 5.968712270259857178e-03 2.077092649415135384e-03 6.265415344387292862e-03 6.775740534067153931e-03 -1.936886808834969997e-03 7.906860858201980591e-02
-1.704746484756469727e-02 1.168256346136331558e-02 1.225389167666435242e-02 4.970699083060026169e-03 1.622609980404376984e-02 9.841329418122768402e-03 2.939332509413361549e-03 7.131419144570827484e-03 1.744267530739307404e-02 -1.327489875257015228e-02 4.768906626850366592e-03 6.500635296106338501e-03 8.679324761033058167e-03 9.827073663473129272e-03 1.280565094202756882e-02
-1.047628894448280334e-01 1.421909332275390625e-01 2.110210508108139038e-01 -1.468407511711120605e-01 -9.607303887605667114e-03 -2.781146205961704254e-03 -4.619201272726058960e-02 -8.460309356451034546e-02 -7.343747466802597046e-02 -3.756837919354438782e-02 5.740004032850265503e-02 2.399519830942153931e-02 -1.226340048015117645e-02 7.228147387504577637e-01 -5.040242150425910950e-02
-2.434378862380981445e-02 -1.733834482729434967e-02 -4.324250668287277222e-02 -8.035024255514144897e-02 4.051650688052177429e-02 -1.014822162687778473e-02 -1.236197501420974731e-01 4.549468681216239929e-02 -1.366303302347660065e-03 4.584071226418018341e-03 2.066859230399131775e-02 3.254630044102668762e-02 5.122405290603637695e-02 -5.938031151890754700e-02 8.560323119163513184e-01
