9.618658423423767090e-01 1.096090912818908691e+00 1.003676772117614746e+00 9.287243485450744629e-01 1.205472469329833984e+00 8.673782944679260254e-01 9.411318302154541016e-01 1.182990074157714844e+00 1.086517095565795898e+00 1.007937431335449219e+00
9.638367295265197754e-01 1.098110795021057129e+00 1.012068510055541992e+00 9.307292103767395020e-01 1.207835912704467773e+00 8.693891763687133789e-01 9.430692791938781738e-01 1.185035824775695801e+00 1.088170528411865234e+00 1.010207772254943848e+00
9.653519392013549805e-01 1.099824428558349609e+00 1.016160249710083008e+00 9.322687983512878418e-01 1.209804058074951172e+00 8.710061907768249512e-01 9.446716904640197754e-01 1.186221122741699219e+00 1.090066075325012207e+00 1.011793255805969238e+00
9.667807817459106445e-01 1.101073503494262695e+00 1.019028782844543457e+00 9.335951209068298340e-01 1.210555911064147949e+00 8.723075389862060547e-01 9.459545016288757324e-01 1.187898755073547363e+00 1.091524839401245117e+00 1.013056755065917969e+00
9.681367278099060059e-01 1.102456808090209961e+00 1.015439510345458984e+00 9.349337816238403320e-01 1.211709976196289062e+00 8.736245036125183105e-01 9.473837018013000488e-01 1.189305067062377930e+00 1.092666983604431152e+00 1.014333128929138184e+00
9.694234728813171387e-01 1.103654146194458008e+00 1.017454981803894043e+00 9.362037777900695801e-01 1.213123798370361328e+00 8.747606873512268066e-01 9.485802054405212402e-01 1.190716147422790527e+00 1.093758106231689453e+00 1.015502333641052246e+00
9.711009263992309570e-01 1.105224609375000000e+00 1.020568728446960449e+00 9.378128647804260254e-01 1.214389324188232422e+00 8.764683008193969727e-01 9.502668976783752441e-01 1.192181944847106934e+00 1.095575332641601562e+00 1.017227411270141602e+00
9.720713496208190918e-01 1.106284618377685547e+00 1.018168687820434570e+00 9.388292431831359863e-01 1.215659856796264648e+00 8.774905800819396973e-01 9.512721896171569824e-01 1.193080186843872070e+00 1.096684575080871582e+00 1.018366098403930664e+00
9.734283089637756348e-01 1.107813715934753418e+00 1.024555563926696777e+00 9.401429891586303711e-01 1.217721700668334961e+00 8.788343667984008789e-01 9.525617957115173340e-01 1.194271206855773926e+00 1.097833156585693359e+00 1.019608020782470703e+00
9.753053188323974609e-01 1.109335303306579590e+00 1.027061223983764648e+00 9.420383572578430176e-01 1.218657732009887695e+00 8.805553913116455078e-01 9.544064998626708984e-01 1.195975422859191895e+00 1.099381685256958008e+00 1.021335482597351074e+00
