9.895185232162475586e-01 1.044925928115844727e+00 1.035655617713928223e+00 1.014925599098205566e+00 7.833245396614074707e-01 1.025719285011291504e+00 1.023057818412780762e+00 9.752695560455322266e-01 1.010548353195190430e+00 7.899283766746520996e-01
1.002275586128234863e+00 1.019091367721557617e+00 1.020942091941833496e+00 1.027739644050598145e+00 7.924795150756835938e-01 1.001619815826416016e+00 1.001601338386535645e+00 9.989655017852783203e-01 1.020065188407897949e+00 7.986425161361694336e-01
1.000632405281066895e+00 1.029471993446350098e+00 1.030404567718505859e+00 1.026650071144104004e+00 7.991129159927368164e-01 9.863648414611816406e-01 1.019327163696289062e+00 1.017718911170959473e+00 1.030055522918701172e+00 7.960625290870666504e-01
1.036228060722351074e+00 1.053520202636718750e+00 1.045101046562194824e+00 1.022358775138854980e+00 8.154137134552001953e-01 1.048768043518066406e+00 1.054272770881652832e+00 1.030166387557983398e+00 1.016938805580139160e+00 7.936719655990600586e-01
1.036792159080505371e+00 1.044414758682250977e+00 1.021759867668151855e+00 1.028150796890258789e+00 8.221111893653869629e-01 1.016201615333557129e+00 1.025036931037902832e+00 1.045942425727844238e+00 1.024679183959960938e+00 8.012584447860717773e-01
9.923478960990905762e-01 1.022637367248535156e+00 1.050459623336791992e+00 1.033940792083740234e+00 8.081399202346801758e-01 1.047904253005981445e+00 1.049900412559509277e+00 9.818718433380126953e-01 1.037880063056945801e+00 8.096205592155456543e-01
1.040120959281921387e+00 1.038358926773071289e+00 1.032300114631652832e+00 1.042540431022644043e+00 8.157972097396850586e-01 1.027844309806823730e+00 1.044297218322753906e+00 1.016306400299072266e+00 1.038258075714111328e+00 8.001888990402221680e-01
1.027054905891418457e+00 1.053621172904968262e+00 1.054816007614135742e+00 1.045991063117980957e+00 8.093196153640747070e-01 1.023721218109130859e+00 1.039704680442810059e+00 1.018062710762023926e+00 1.039972662925720215e+00 8.149741291999816895e-01
1.011172413825988770e+00 1.032932639122009277e+00 1.064424991607666016e+00 1.036004662513732910e+00 8.380849361419677734e-01 1.075537204742431641e+00 1.063210725784301758e+00 1.041196703910827637e+00 1.043315649032592773e+00 8.158343434333801270e-01
1.059295058250427246e+00 1.065410017967224121e+00 1.055300354957580566e+00 1.043094515800476074e+00 8.291460871696472168e-01 1.116037607192993164e+00 1.114554286003112793e+00 1.080896377563476562e+00 1.042862296104431152e+00 8.220959305763244629e-01
