1.871927268803119659e-02 -3.404032671824097633e-03 2.473533619195222855e-03 -2.554786624386906624e-03 4.504928737878799438e-02 -1.713085919618606567e-03 -4.154438618570566177e-03 -2.818243112415075302e-03 3.210093127563595772e-03 -1.292369142174720764e-02
5.723623093217611313e-03 -8.008073084056377411e-03 -4.381973762065172195e-03 7.416484877467155457e-04 3.678281977772712708e-02 -4.497722256928682327e-04 -6.481498479843139648e-03 7.581576210213825107e-05 2.728873863816261292e-03 -1.917981915175914764e-02
1.337957195937633514e-02 -5.256082396954298019e-03 -4.801980219781398773e-03 2.221363130956888199e-03 1.151082292199134827e-02 -8.308831456815823913e-05 -6.366568151861429214e-03 -1.385037467116490006e-04 2.174993045628070831e-03 -2.463230863213539124e-02
-1.093956902623176575e-01 -6.633637100458145142e-02 -2.027765661478042603e-02 3.269844874739646912e-02 -1.306017190217971802e-01 -2.204991877079010010e-02 -6.636642664670944214e-02 -3.109481744468212128e-02 2.822174504399299622e-02 -1.716857552528381348e-01
3.170432746410369873e-01 5.296975374221801758e-02 1.276365518569946289e-01 -1.679689995944499969e-02 7.054148316383361816e-01 -2.941386774182319641e-02 4.289004951715469360e-02 -1.647845096886157990e-02 5.475684534758329391e-03 -6.529988348484039307e-02
-5.676667205989360809e-03 -1.689383387565612793e-02 -1.296783145517110825e-02 8.480813354253768921e-03 -6.005367264151573181e-02 4.781751893460750580e-03 -7.746977265924215317e-03 -8.951799245551228523e-04 6.286725401878356934e-03 1.520213088952004910e-03
-1.206012209877371788e-03 -8.635595440864562988e-03 -1.415984518826007843e-02 3.108585951849818230e-03 -3.821058571338653564e-02 9.229599381797015667e-04 -1.143729034811258316e-02 1.777023891918361187e-03 2.671487862244248390e-03 4.025655798614025116e-03
4.880673717707395554e-03 -6.647422444075345993e-03 -5.858882330358028412e-03 1.932576647959649563e-03 -4.076141864061355591e-02 -1.270733424462378025e-03 -7.038102950900793076e-03 -1.977112260647118092e-04 1.185641624033451080e-03 -1.514628808945417404e-02
-2.404350787401199341e-01 -9.663193672895431519e-02 -6.496462225914001465e-02 2.066366001963615417e-02 -1.113098785281181335e-01 -4.434763267636299133e-02 -1.077399775385856628e-01 -2.961814031004905701e-02 2.694227732717990875e-02 -1.929566711187362671e-01
5.887147970497608185e-03 3.239409253001213074e-02 -1.663529500365257263e-02 2.298176474869251251e-02 -2.906175516545772552e-02 8.481089025735855103e-02 8.235145360231399536e-02 1.193377226591110229e-01 8.903631940484046936e-03 7.523921728134155273e-01
