-1.704298483673483133e-04 7.041729404591023922e-04 1.005858430289663374e-04 -2.276230603456497192e-03 -1.972419675439596176e-03 1.085281837731599808e-03 6.777099915780127048e-04 1.454418641515076160e-03 -3.581247525289654732e-03 -3.180570434778928757e-03 2.818917273543775082e-04 2.667407039552927017e-03 1.258451375178992748e-03 -3.710960969328880310e-03 -2.051210962235927582e-03
-1.162632368505001068e-03 3.585125523386523128e-05 1.017411195789463818e-04 -2.592626493424177170e-03 -2.155225956812500954e-03 1.230094465427100658e-03 1.098608947359025478e-03 2.469182712957262993e-03 -3.773981239646673203e-03 -3.033312270417809486e-03 4.305351467337459326e-05 2.999882446601986885e-03 1.442773849703371525e-03 -3.789724782109260559e-03 -2.291095210239291191e-03
-3.030228253919631243e-04 1.203713705763220787e-03 -2.946681925095617771e-04 -3.397880354896187782e-03 -2.782872645184397697e-03 1.350682345218956470e-03 1.815169933252036572e-03 2.241062931716442108e-03 -4.866342991590499878e-03 -5.644827149808406830e-03 -5.558009142987430096e-04 2.390577690675854683e-03 1.346071483567357063e-03 -5.865228828042745590e-03 -4.157285671681165695e-03
-6.243230309337377548e-04 4.800659138709306717e-03 4.089109599590301514e-03 -8.428227156400680542e-03 -7.422535680234432220e-03 5.965133896097540855e-04 5.562238860875368118e-03 1.323281228542327881e-02 -1.429814752191305161e-02 -1.247995067387819290e-02 -2.256123349070549011e-03 8.649298921227455139e-03 9.690199047327041626e-03 -1.123139448463916779e-02 -6.798951886594295502e-03
3.011146327480673790e-03 8.315610699355602264e-03 5.582072306424379349e-03 -9.600786142982542515e-04 5.808086134493350983e-03 5.313054658472537994e-03 8.862103335559368134e-03 8.411359973251819611e-03 2.593584591522812843e-03 -8.652948774397373199e-03 3.699067514389753342e-03 6.494566798210144043e-03 1.128613576292991638e-02 -4.336291458457708359e-03 -5.124960560351610184e-03
4.177185837761498988e-05 1.310200314037501812e-03 5.627397331409156322e-04 -1.928013982251286507e-03 -9.460846194997429848e-04 7.074798340909183025e-04 1.891445950604975224e-03 2.383571583777666092e-03 -2.631035167723894119e-03 -3.213115269318223000e-03 -1.232306094607338309e-04 1.864126999862492085e-03 2.203732496127486229e-03 -3.274755086749792099e-03 -1.961739500984549522e-03
-2.559768327046185732e-04 1.587786595337092876e-03 3.308469604235142469e-04 -1.599654904566705227e-03 -1.069219782948493958e-03 5.565210012719035149e-04 1.638188958168029785e-03 1.718275481835007668e-03 -2.482006093487143517e-03 -2.871110336855053902e-03 2.828965662047266960e-04 1.955335261300206184e-03 2.424736972898244858e-03 -3.016010858118534088e-03 -1.834066933952271938e-03
-6.279204390011727810e-04 6.797125679440796375e-04 2.722524222917854786e-04 -1.775642158463597298e-03 -1.432880177162587643e-03 2.895205398090183735e-04 9.236557525582611561e-04 1.826262683607637882e-03 -3.126087598502635956e-03 -2.462000586092472076e-03 -1.180996332550421357e-04 2.463218988850712776e-03 1.543502672575414181e-03 -2.989546861499547958e-03 -1.582934171892702579e-03
-7.799797691404819489e-03 -1.728261355310678482e-03 -2.323626307770609856e-03 -6.676898803561925888e-03 -7.333947811275720596e-03 3.677649889141321182e-03 4.443000070750713348e-03 9.532149881124496460e-03 -8.238487876951694489e-03 -5.709680262953042984e-03 1.473747077398002148e-03 1.397798396646976471e-02 7.239696569740772247e-03 -8.990628644824028015e-03 -1.170732895843684673e-03
-5.707341711968183517e-03 -1.755838165991008282e-04 -1.073503866791725159e-03 -6.353014148771762848e-03 -5.630717612802982330e-03 1.522669452242553234e-03 7.213780772872269154e-04 4.352694842964410782e-03 -1.065380778163671494e-02 -5.890064407140016556e-03 -2.028025774052366614e-04 7.832453586161136627e-03 4.108886234462261200e-03 -9.658139199018478394e-03 -5.405967123806476593e-03
-3.252310561947524548e-04 1.053851563483476639e-03 3.433538367971777916e-04 -1.573517685756087303e-03 -1.210768008604645729e-03 8.694145944900810719e-04 1.104399445466697216e-03 2.090031513944268227e-03 -2.546071773394942284e-03 -2.386850072070956230e-03 -3.028430546692106873e-05 2.291219308972358704e-03 2.025748370215296745e-03 -2.762226620689034462e-03 -1.416673418134450912e-03
-6.928431103006005287e-04 1.559267868287861347e-03 3.295799251645803452e-04 -3.458068938925862312e-03 -2.672942820936441422e-03 9.671900770626962185e-04 1.795312971808016300e-03 2.360919257625937462e-03 -5.286274943500757217e-03 -5.305834114551544189e-03 -2.323028893442824483e-04 2.560562221333384514e-03 2.553877187892794609e-03 -5.579717922955751419e-03 -3.689299104735255241e-03
2.853603218682110310e-04 1.407277886755764484e-03 5.836894852109253407e-04 -1.742997905239462852e-03 -1.470487681217491627e-03 7.670836057513952255e-04 1.421008491888642311e-03 2.279429230839014053e-03 -2.989614149555563927e-03 -2.727661048993468285e-03 -3.541991754900664091e-04 2.017378574237227440e-03 2.559283282607793808e-03 -2.993607195094227791e-03 -1.773663563653826714e-03
-7.951102219521999359e-03 6.566817872226238251e-03 5.486355163156986237e-03 -5.407848861068487167e-03 -5.230618640780448914e-03 2.160733565688133240e-03 4.215308465063571930e-03 1.128919236361980438e-02 -6.247484125196933746e-03 -2.054723678156733513e-03 -1.377812353894114494e-03 1.087812054902315140e-02 1.493337284773588181e-02 -5.359751172363758087e-03 -3.537046257406473160e-03
-6.281475070863962173e-03 2.574969548732042313e-04 9.060174343176186085e-04 -7.573951035737991333e-03 -7.346321828663349152e-03 1.717664999887347221e-03 1.357779372483491898e-03 3.690799465402960777e-03 -1.258342992514371872e-02 -7.403027731925249100e-03 2.072043949738144875e-03 9.383501484990119934e-03 5.664482712745666504e-03 -1.065189111977815628e-02 -3.929253667593002319e-03
