-1.639673486351966858e-03 -1.004307297989726067e-03 -3.764851018786430359e-03 -1.174200884997844696e-02 -3.366390476003289223e-03 1.009311759844422340e-03 -1.748310052789747715e-03 -2.768160542473196983e-03 -1.120909862220287323e-02 -1.028783037327229977e-03 -5.526537075638771057e-03 -1.922957366332411766e-03 -2.646239707246422768e-03 -9.931772015988826752e-03 -3.501830622553825378e-03
-1.288221217691898346e-03 -1.338259782642126083e-03 -3.606547368690371513e-03 -1.186088658869266510e-02 -3.127688542008399963e-03 1.444253837689757347e-03 -1.280181342735886574e-03 -3.339656163007020950e-03 -1.097267027944326401e-02 -1.531951711513102055e-03 -5.455360747873783112e-03 -2.035842044278979301e-03 -2.675948664546012878e-03 -9.542841464281082153e-03 -3.547551808878779411e-03
-1.645983778871595860e-03 -1.096355612389743328e-03 -3.296497743576765060e-03 -1.148910541087388992e-02 -3.064047312363982201e-03 1.244862331077456474e-03 -1.518887584097683430e-03 -2.123827813193202019e-03 -1.073971949517726898e-02 -1.338138943538069725e-03 -5.351740866899490356e-03 -1.929523190483450890e-03 -2.390928566455841064e-03 -9.677167981863021851e-03 -3.574004862457513809e-03
-3.642557421699166298e-03 -9.607705287635326385e-03 -1.858271472156047821e-02 -6.087257713079452515e-02 -1.719899103045463562e-02 4.304730333387851715e-03 -1.042508333921432495e-02 -1.483571808785200119e-02 -5.782843381166458130e-02 -3.054547589272260666e-03 -2.989289723336696625e-02 -8.135324344038963318e-03 -1.326973643153905869e-02 -4.991940781474113464e-02 -1.600119099020957947e-02
-5.376751068979501724e-03 -4.477228038012981415e-03 -1.306507550179958344e-02 -5.672809854149818420e-02 -9.212996810674667358e-03 1.073317043483257294e-02 -2.046858426183462143e-03 -9.886360727250576019e-03 -5.212542787194252014e-02 -5.555023904889822006e-03 -2.364522032439708710e-02 -8.269123733043670654e-03 -1.127418037503957748e-02 -4.641571268439292908e-02 -1.593038253486156464e-02
-9.904515463858842850e-04 -9.198058978654444218e-04 -3.000730881467461586e-03 -9.551645256578922272e-03 -2.792417770251631737e-03 9.412968647666275501e-04 -1.438982668332755566e-03 -2.120965858921408653e-03 -8.927412331104278564e-03 -8.283880888484418392e-04 -4.305004142224788666e-03 -1.387396361678838730e-03 -2.227182732895016670e-03 -7.705803029239177704e-03 -2.796035492792725563e-03
-1.232256996445357800e-03 -1.357340835966169834e-03 -3.548242850229144096e-03 -1.184124220162630081e-02 -2.920264378190040588e-03 1.307477476075291634e-03 -1.312718726694583893e-03 -1.865914789959788322e-03 -1.047177053987979889e-02 -1.274066860787570477e-03 -5.351734813302755356e-03 -2.090262249112129211e-03 -2.490425249561667442e-03 -9.868143126368522644e-03 -3.629812970757484436e-03
-1.322645810432732105e-03 -1.473720651119947433e-03 -3.654655301943421364e-03 -1.148793939501047134e-02 -3.262753365561366081e-03 1.076341955922544003e-03 -1.554536516778171062e-03 -2.751439809799194336e-03 -1.093961298465728760e-02 -1.239918638020753860e-03 -5.343368276953697205e-03 -1.781941857188940048e-03 -2.463883487507700920e-03 -9.695757180452346802e-03 -3.398610511794686317e-03
-4.877267871052026749e-03 -4.693711176514625549e-03 -1.519194524735212326e-02 -4.948180541396141052e-02 -1.224088296294212341e-02 1.124850194901227951e-02 -3.588383551687002182e-03 -9.906625375151634216e-03 -4.616649076342582703e-02 -6.739838514477014542e-03 -2.251324616372585297e-02 -5.835226271301507950e-03 -6.622160784900188446e-03 -4.262354224920272827e-02 -1.320957299321889877e-02
-4.234974272549152374e-03 -3.741585416719317436e-03 -1.507821772247552872e-02 -5.176765471696853638e-02 -1.310406532138586044e-02 7.824866101145744324e-03 -5.411950405687093735e-03 -9.140905924141407013e-03 -4.684692621231079102e-02 3.938735928386449814e-03 -2.291422523558139801e-02 -7.655704859644174576e-03 -9.872552938759326935e-03 -3.882416710257530212e-02 -1.049827691167593002e-02
-1.076427171938121319e-03 -1.130978227593004704e-03 -3.300926648080348969e-03 -1.138201262801885605e-02 -2.838420448824763298e-03 9.212668519467115402e-04 -1.230970025062561035e-03 -1.986481947824358940e-03 -9.605570696294307709e-03 -9.655220783315598965e-04 -4.764256067574024200e-03 -2.340183127671480179e-03 -2.809494500979781151e-03 -8.570776320993900299e-03 -3.276388626545667648e-03
-1.149230520240962505e-03 -1.226658117957413197e-03 -3.595736110582947731e-03 -1.229231152683496475e-02 -2.791753271594643593e-03 1.566593884490430355e-03 -1.095844432711601257e-03 -2.325579058378934860e-03 -1.110857632011175156e-02 -1.249997992999851704e-03 -5.490063223987817764e-03 -2.055009361356496811e-03 -2.522108377888798714e-03 -1.022261846810579300e-02 -3.432532772421836853e-03
-1.057886402122676373e-03 -1.067067147232592106e-03 -3.431034972891211510e-03 -9.578363969922065735e-03 -2.598586492240428925e-03 7.521284278482198715e-04 -1.175601966679096222e-03 -1.966942567378282547e-03 -8.929498493671417236e-03 -4.548379220068454742e-04 -4.606168717145919800e-03 -1.554758404381573200e-03 -1.810751622542738914e-03 -8.202529512345790863e-03 -2.549987751990556717e-03
-5.761618725955486298e-03 -9.553072974085807800e-03 -1.299788337200880051e-02 -6.471840292215347290e-02 -1.683271490037441254e-02 1.221409440040588379e-02 -8.546589873731136322e-03 -1.503994036465883255e-02 -5.987704172730445862e-02 -1.005931105464696884e-02 -2.812532521784305573e-02 -5.588060710579156876e-03 -1.253110636025667191e-02 -4.836478084325790405e-02 -2.138698101043701172e-02
-5.173698533326387405e-03 -5.012465175241231918e-03 -1.549252402037382126e-02 -5.564173683524131775e-02 -1.264828909188508987e-02 8.459580130875110626e-03 -4.859179724007844925e-03 -9.675303474068641663e-03 -5.091544240713119507e-02 -1.375273684971034527e-03 -2.391564100980758667e-02 -8.993901312351226807e-03 -1.056864485144615173e-02 -4.534707590937614441e-02 -1.362590678036212921e-02
