-4.050456732511520386e-02 6.767218001186847687e-04 9.072750690393149853e-04 -5.337588954716920853e-04 2.164087723940610886e-03 4.546361742541193962e-04 2.893666096497327089e-04 5.141384317539632320e-04 6.329888710752129555e-04 -6.915646791458129883e-02 8.691723342053592205e-04 4.307447525206953287e-04 1.313928049057722092e-03 -4.391689144540578127e-04 -2.506865712348371744e-04
-1.615580916404724121e-02 6.952233961783349514e-04 5.207261419855058193e-04 -1.129221520386636257e-03 1.736465841531753540e-03 -1.926652330439537764e-04 -2.461079275235533714e-04 -6.593707803403958678e-05 6.397347315214574337e-04 -1.006378829479217529e-01 1.264714373974129558e-04 -3.315511858090758324e-04 1.694586710073053837e-03 -2.759120543487370014e-04 -2.766377874650061131e-04
-2.170616202056407928e-02 4.675533855333924294e-04 4.367681976873427629e-04 -8.507702150382101536e-04 2.022395841777324677e-03 -1.339244481641799212e-04 -9.934438276104629040e-05 2.355837641516700387e-04 5.595872644335031509e-04 -1.684449054300785065e-02 8.269181125797331333e-05 4.551876627374440432e-04 1.517696422524750233e-03 -5.442454712465405464e-04 -2.869803865905851126e-04
-8.289597928524017334e-02 2.375394338741898537e-03 1.466329907998442650e-03 1.950444071553647518e-03 8.408071473240852356e-03 -3.456633770838379860e-03 -1.276451512239873409e-03 -1.265992032131180167e-04 3.044355427846312523e-03 -1.931377798318862915e-01 2.001525717787444592e-04 2.262498717755079269e-03 9.951184503734111786e-03 -1.023220829665660858e-03 -2.284612273797392845e-03
-1.109876558184623718e-01 5.008011125028133392e-03 4.006300587207078934e-03 -7.452486548572778702e-03 1.277411356568336487e-02 2.338122576475143433e-03 1.011456712149083614e-03 7.549576548626646399e-05 5.243388470262289047e-03 -2.327098101377487183e-01 9.401972056366503239e-04 3.863125573843717575e-03 9.332885965704917908e-03 -3.679418005049228668e-03 -4.293583333492279053e-03
-4.499557614326477051e-02 9.359362302348017693e-04 -9.870518260868266225e-05 -8.530903141945600510e-04 1.433965400792658329e-03 -4.270205390639603138e-04 8.462304685963317752e-05 -7.563189719803631306e-04 6.671563023701310158e-04 4.356474429368972778e-02 4.517415654845535755e-04 1.915003085741773248e-04 1.274429028853774071e-03 -7.956733461469411850e-04 -1.041403389535844326e-03
-3.407739102840423584e-02 7.654744549654424191e-04 3.968430391978472471e-04 -9.969109669327735901e-04 9.832661598920822144e-04 -9.836593380896374583e-05 -1.804423372959718108e-04 -5.841584061272442341e-04 6.475850241258740425e-04 7.803551852703094482e-02 4.042610817123204470e-04 2.227276127086952329e-04 9.853380033746361732e-04 -2.128512569470331073e-04 -6.598774343729019165e-04
-3.099793195724487305e-02 1.069203251972794533e-03 6.356152007356286049e-04 -1.764601445756852627e-03 2.065710024908185005e-03 1.021772113745100796e-04 3.285061684437096119e-04 -4.345792403910309076e-04 9.375314693897962570e-04 6.494665890932083130e-02 7.642307318747043610e-04 6.518985610455274582e-04 1.433390309102833271e-03 -7.535624317824840546e-04 -1.423470559529960155e-03
-5.520520731806755066e-02 5.262578837573528290e-03 1.369810779578983784e-03 -3.115635365247726440e-03 7.716400548815727234e-03 -1.428445219062268734e-03 -1.178377540782094002e-03 2.531815553084015846e-03 6.106623448431491852e-03 -2.613556385040283203e-01 1.477535231970250607e-03 2.662369050085544586e-03 9.629824198782444000e-03 -1.992625184357166290e-03 -5.264746490865945816e-03
-5.822848796844482422e+00 7.275394164025783539e-03 2.658947557210922241e-02 -5.752618424594402313e-03 4.312522243708372116e-03 -9.844426997005939484e-03 3.091193968430161476e-03 -1.758338138461112976e-02 9.672719053924083710e-03 1.206653237342834473e+00 1.043783966451883316e-02 6.782675627619028091e-03 -1.712950062938034534e-03 3.693507751449942589e-03 -1.047544367611408234e-02
-8.288063108921051025e-03 6.932357209734618664e-04 2.227045479230582714e-04 -9.577026939950883389e-04 2.094432245939970016e-03 3.179488994646817446e-04 1.243076621904037893e-05 -2.016066389387560776e-07 8.735265582799911499e-04 -1.382636371999979019e-02 6.617173203267157078e-04 7.274842937476933002e-04 1.447419403120875359e-03 -6.586663657799363136e-04 -2.357598277740180492e-04
-2.852529659867286682e-02 6.889720098115503788e-04 2.643020707182586193e-04 -9.605501545593142509e-04 1.966921146959066391e-03 -2.061383565887808800e-04 -1.643139694351702929e-04 -2.022048720391467214e-04 6.970702088437974453e-04 -3.960161283612251282e-02 -3.811273199971765280e-05 2.686564985197037458e-04 1.589927007444202900e-03 -5.034052301198244095e-04 -3.840935241896659136e-04
-3.033030033111572266e-02 8.251012186519801617e-04 5.780918872915208340e-04 -7.008389220573008060e-04 2.163678174838423729e-03 3.981960471719503403e-04 3.286939318059012294e-05 5.656351568177342415e-04 7.647722377441823483e-04 -9.129671007394790649e-02 8.764741942286491394e-04 3.064809134230017662e-04 2.337632933631539345e-03 -6.638317718170583248e-04 -4.417271993588656187e-04
-3.120897710323333740e-02 2.679707482457160950e-03 2.518789144232869148e-03 5.810089642181992531e-04 1.054689381271600723e-02 3.476465353742241859e-04 -2.197998110204935074e-03 -2.516588196158409119e-03 -1.953622791916131973e-03 -5.047141313552856445e-01 1.435167738236486912e-03 2.007718198001384735e-03 1.070411410182714462e-02 -2.243013121187686920e-03 2.078696154057979584e-03
-6.424146890640258789e-02 2.882854081690311432e-03 1.153067452833056450e-03 -4.799092188477516174e-03 9.935595095157623291e-03 1.305039506405591965e-03 1.121334847994148731e-03 9.924758924171328545e-04 3.208320122212171555e-03 -1.369845718145370483e-01 2.026746282353997231e-03 2.473233733326196671e-03 5.727581214159727097e-03 -2.772384556010365486e-03 -1.674215891398489475e-03
