9.502691775560379028e-02 1.587850600481033325e-02 4.366029798984527588e-02 9.137884713709354401e-03 1.419667433947324753e-02 4.418435972183942795e-03 1.934685744345188141e-02 5.607687402516603470e-03 2.397039346396923065e-02 2.997785992920398712e-02
5.107922106981277466e-02 2.994590438902378082e-02 2.307954244315624237e-02 2.216368913650512695e-03 2.941263373941183090e-03 -2.008519135415554047e-03 6.144683808088302612e-03 3.984784241765737534e-03 9.085550904273986816e-03 1.163257658481597900e-02
3.350882604718208313e-02 1.115762162953615189e-02 3.794478997588157654e-02 5.618040449917316437e-03 5.582300014793872833e-03 9.280419908463954926e-04 2.011409960687160492e-03 2.170310122892260551e-03 2.220622822642326355e-02 9.204795584082603455e-03
8.683309890329837799e-03 -1.222946913912892342e-03 5.655505694448947906e-03 9.918564930558204651e-03 1.355900021735578775e-04 4.499162547290325165e-03 4.908567760139703751e-03 1.055717002600431442e-03 7.293280214071273804e-03 4.665183369070291519e-03
6.312485784292221069e-03 -3.385684103704988956e-04 7.738802232779562473e-04 2.846690593287348747e-03 4.809726087842136621e-04 1.993703888729214668e-03 2.209251746535301208e-03 2.988359192386269569e-03 7.486415561288595200e-03 4.950324539095163345e-03
2.603694563731551170e-03 -5.380676127970218658e-03 -1.705895643681287766e-03 2.602664940059185028e-02 8.061072789132595062e-03 1.513647846877574921e-02 7.850391790270805359e-03 2.810710109770298004e-03 9.785568341612815857e-03 4.940468352288007736e-03
2.048173919320106506e-02 2.473048632964491844e-03 7.206676062196493149e-03 1.200991310179233551e-02 4.392936825752258301e-03 9.848439134657382965e-03 1.131721213459968567e-02 4.178670700639486313e-03 8.273110724985599518e-03 9.305933490395545959e-03
1.338771171867847443e-02 1.093199755996465683e-02 3.965856041759252548e-03 6.872155703604221344e-03 4.167607985436916351e-03 -4.594427533447742462e-03 -9.435677202418446541e-04 5.779306869953870773e-03 1.121459621936082840e-02 4.834721796214580536e-03
3.753061220049858093e-02 6.761338096112012863e-03 1.246531028300523758e-02 6.996681913733482361e-03 8.518041577190160751e-04 1.130379736423492432e-03 1.023424509912729263e-02 3.597906790673732758e-03 9.252389892935752869e-03 8.010652847588062286e-03
1.688755489885807037e-02 5.037994589656591415e-03 5.631173029541969299e-03 4.855337087064981461e-03 1.598590752109885216e-03 5.047065671533346176e-03 3.457601647824048996e-03 4.705727100372314453e-03 7.015036884695291519e-03 1.152697764337062836e-02
