1.779729500412940979e-04 1.212729694088920951e-04 -2.287981478730216622e-04 -2.299397485330700874e-03 -1.139891915954649448e-03 1.433086348697543144e-03 2.538989647291600704e-04 3.444927860982716084e-04 -2.736863447353243828e-03 -1.466648303903639317e-03 9.847650071606040001e-04 1.102837151847779751e-03 6.246524862945079803e-04 -3.580647753551602364e-03 -2.532785525545477867e-03
-7.326994091272354126e-04 -4.922754596918821335e-04 -2.955958771053701639e-04 -2.662420738488435745e-03 -1.460252446122467518e-03 1.291864784434437752e-03 4.975355695933103561e-04 9.072233224287629128e-04 -3.179327119141817093e-03 -1.299259834922850132e-03 6.381455459631979465e-04 1.094866544008255005e-03 7.850723923183977604e-04 -3.830519737675786018e-03 -2.912650117650628090e-03
1.629436155781149864e-04 4.661872517317533493e-04 -5.148065974935889244e-04 -2.952589653432369232e-03 -1.771001145243644714e-03 1.627344288863241673e-03 1.096885651350021362e-03 7.556514465250074863e-04 -3.677410772070288658e-03 -2.699961652979254723e-03 1.804544881451874971e-04 8.772324654273688793e-04 7.575953495688736439e-04 -4.925556015223264694e-03 -3.944774158298969269e-03
-6.905196350999176502e-04 9.344147401861846447e-04 5.380726070143282413e-04 -1.341102924197912216e-02 -5.780710373073816299e-03 3.347662044689059258e-03 3.615296445786952972e-03 3.890316002070903778e-03 -1.533100567758083344e-02 -8.342629298567771912e-03 1.575633184984326363e-03 3.177822567522525787e-03 7.375784683972597122e-03 -1.734716817736625671e-02 -1.473885774612426758e-02
1.409613527357578278e-03 3.898787545040249825e-03 2.871523145586252213e-03 -2.635249868035316467e-03 3.347548888996243477e-03 4.306785296648740768e-03 6.224578712135553360e-03 2.444790909066796303e-03 -7.000200566835701466e-04 -4.101835191249847412e-03 2.661674050614237785e-03 1.734474906697869301e-03 7.854136638343334198e-03 -5.136427469551563263e-03 -5.611400119960308075e-03
1.935042237164452672e-04 3.855385584756731987e-04 1.487996050855144858e-04 -1.844150014221668243e-03 -2.462818520143628120e-04 1.099025597795844078e-03 1.238948781974613667e-03 1.124839764088392258e-03 -1.829054090194404125e-03 -1.418157480657100677e-03 5.766909453086555004e-04 4.111211164854466915e-04 1.439741463400423527e-03 -2.975912997499108315e-03 -2.197357593104243279e-03
-3.161496424581855536e-04 7.332546520046889782e-04 -1.170795439975336194e-04 -2.004306530579924583e-03 -8.051133481785655022e-04 9.684762335382401943e-04 1.142787747085094452e-03 5.697995075024664402e-04 -2.421873155981302261e-03 -1.475835568271577358e-03 5.730196717195212841e-04 6.144326180219650269e-04 1.597537193447351456e-03 -3.302504541352391243e-03 -2.427525585517287254e-03
-3.570565313566476107e-04 1.185750734293833375e-04 -1.123271649703383446e-04 -2.020434476435184479e-03 -1.012402470223605633e-03 5.307300016283988953e-04 5.782503285445272923e-04 7.871687412261962891e-04 -2.902248408645391464e-03 -1.122662564739584923e-03 3.374532680027186871e-04 8.556259563192725182e-04 9.396538953296840191e-04 -3.290886990725994110e-03 -2.259267028421163559e-03
-4.766242578625679016e-03 -3.448147792369127274e-03 -3.639751346781849861e-03 -8.840702474117279053e-03 -4.334663972258567810e-03 5.949120037257671356e-03 3.131396602839231491e-03 2.694176509976387024e-03 -5.353128537535667419e-03 -7.320509175769984722e-04 5.119703710079193115e-03 3.439943538978695869e-03 4.146699793636798859e-03 -1.034296955913305283e-02 -5.340702366083860397e-03
-4.680578596889972687e-03 -2.124177524819970131e-03 -1.183015410788357258e-03 -4.870714154094457626e-03 -1.445648027583956718e-03 3.391225123777985573e-03 -8.316566236317157745e-04 1.215112977661192417e-03 -5.211196839809417725e-03 1.100764711736701429e-04 4.413192160427570343e-03 4.035887774080038071e-03 1.734570832923054695e-03 -7.390951737761497498e-03 -4.412918817251920700e-03
9.062782919500023127e-05 4.289913340471684933e-04 5.275407602312043309e-05 -1.611069543287158012e-03 -6.735670613124966621e-04 9.181325440295040607e-04 7.059772615320980549e-04 8.471297915093600750e-04 -2.079639350995421410e-03 -1.016560476273298264e-03 3.707965952344238758e-04 5.629010265693068504e-04 1.202221610583364964e-03 -2.640825463458895683e-03 -1.752301817759871483e-03
-1.139028463512659073e-04 5.219539161771535873e-04 -2.404262486379593611e-04 -3.096157684922218323e-03 -1.831987639889121056e-03 1.129274955019354820e-03 9.208570118062198162e-04 5.979275447316467762e-04 -4.219005815684795380e-03 -2.424408448860049248e-03 1.921077055158093572e-04 8.118056575767695904e-04 1.458347425796091557e-03 -4.809679463505744934e-03 -3.775299759581685066e-03
3.412071091588586569e-04 5.498902173712849617e-04 6.674381438642740250e-05 -1.878697425127029419e-03 -1.014736830256879330e-03 8.926904411055147648e-04 8.047882583923637867e-04 7.693032966926693916e-04 -2.622529864311218262e-03 -1.097031985409557819e-03 6.526851939270272851e-05 5.676453001797199249e-04 1.547519001178443432e-03 -2.938601654022932053e-03 -2.090134425088763237e-03
-9.878267534077167511e-03 6.270641461014747620e-04 1.916549168527126312e-03 -1.008573174476623535e-02 -4.078077618032693863e-03 5.094169173389673233e-03 1.136057311668992043e-03 2.411975758150219917e-03 -6.316285580396652222e-03 3.448020666837692261e-03 2.253234386444091797e-03 3.960246220231056213e-03 1.092171203345060349e-02 -9.673505090177059174e-03 -8.517301641404628754e-03
-3.135049715638160706e-03 -1.577985472977161407e-03 -4.250199708621948957e-05 -6.566393654793500900e-03 -5.478568375110626221e-03 2.541449503041803837e-04 -3.534513525664806366e-04 1.872635475592687726e-04 -1.005271077156066895e-02 -8.045713184401392937e-04 2.239023800939321518e-03 3.792968345806002617e-03 2.142152050510048866e-03 -8.851411752402782440e-03 -5.302394274622201920e-03
