-1.094971434213221073e-03 5.187320988625288010e-03 3.773369127884507179e-03 -7.307390915229916573e-04 1.034543383866548538e-03 8.121847640722990036e-04 2.066557761281728745e-03 1.098878402262926102e-02 -2.921786159276962280e-03 4.637676291167736053e-03
-1.823904691264033318e-03 2.770920516923069954e-03 2.912158379331231117e-03 1.570394961163401604e-03 3.680048743262887001e-03 8.580110734328627586e-04 9.283712715841829777e-04 6.115762516856193542e-03 1.214054373122053221e-05 2.726612146943807602e-03
-1.435072161257266998e-03 3.441329114139080048e-03 4.037336912006139755e-03 1.061227376339957118e-04 3.852437483146786690e-03 4.993182665202766657e-05 9.169124532490968704e-04 4.788604099303483963e-03 -7.329781656153500080e-04 3.519806079566478729e-03
2.458189614117145538e-02 5.659917742013931274e-02 1.169524621218442917e-03 4.445534944534301758e-02 3.780830278992652893e-02 1.638660090975463390e-03 -5.633410997688770294e-03 -1.133352238684892654e-02 -1.807439886033535004e-02 1.115318853408098221e-02
-3.203256288543343544e-03 9.470271877944469452e-03 1.579640060663223267e-02 1.376131456345319748e-02 5.250541865825653076e-02 3.360304050147533417e-03 -4.010167438536882401e-03 4.059594124555587769e-03 1.010519266128540039e-02 2.010354213416576385e-02
1.205329899676144123e-03 5.990131292492151260e-03 2.101387362927198410e-03 5.481843370944261551e-03 5.007965955883264542e-03 6.184862577356398106e-04 8.336454047821462154e-04 3.846606239676475525e-03 -2.468752441927790642e-03 2.937237732112407684e-03
9.186527458950877190e-04 5.854180082678794861e-03 5.008229054510593414e-03 3.186464309692382812e-03 7.343816570937633514e-03 1.029255916364490986e-03 -6.730916793458163738e-04 4.419364966452121735e-03 -1.701494096778333187e-03 2.410100074484944344e-03
-1.648934994591400027e-04 3.087037242949008942e-03 1.049250923097133636e-02 -2.508775098249316216e-03 -6.857556581962853670e-05 3.090882441028952599e-03 1.152058364823460579e-03 9.747107513248920441e-03 -2.802019705995917320e-03 3.925206605345010757e-03
-3.846532478928565979e-02 9.526140056550502777e-03 3.957961499691009521e-02 -2.598357014358043671e-02 5.407310649752616882e-02 -1.092891301959753036e-02 3.000758960843086243e-02 2.990115061402320862e-02 1.778668351471424103e-02 2.542322687804698944e-02
-8.957732468843460083e-03 1.080675795674324036e-02 1.388718746602535248e-02 -1.283742394298315048e-02 1.451792661100625992e-02 4.944415297359228134e-03 1.466313190758228302e-02 5.259439721703529358e-02 9.369581937789916992e-03 4.644504562020301819e-02
