3.989142914899987957e-01 -2.257937549457850884e-02 2.404760134983364050e+00 1.069265468538826536e+00 1.180983713954885002e-02 -2.154368159978025526e-02 5.453857699118997981e-01 -5.099308059263406995e-02 -1.196673944257999923e-02 -1.554318822390530347e-02
-2.869260747268713094e-02 6.893179633093977632e-01 1.896281664478874696e+00 4.888693652675538126e-01 9.666484315393090165e-01 -2.154429957885215310e-02 -2.363693939264684823e-02 -6.307875321715442594e-03 -1.196677256448271803e-02 -1.555534216231320953e-02
-2.869258714020976597e-02 -2.257937548176614656e-02 -2.754942563020977199e-06 -2.196215157988479216e-02 -2.035474654941728245e-03 -2.154367977780042437e-02 -2.363694980598311096e-02 -6.337754829944118769e-03 -1.196677542987225132e-02 -1.554318670944898964e-02
0.000000000000000000e+00 0.000000000000000000e+00 0.000000000000000000e+00 0.000000000000000000e+00 0.000000000000000000e+00 0.000000000000000000e+00 0.000000000000000000e+00 0.000000000000000000e+00 0.000000000000000000e+00 0.000000000000000000e+00
-2.869258729549194198e-02 -2.257937572618824371e-02 4.064155319358702667e-01 -2.196215133495402899e-02 -2.493191911526122882e-03 -2.154367990925994819e-02 -2.363694997851713969e-02 -6.337313921069086253e-03 -1.196677536138124331e-02 -1.554318663126656209e-02
7.980379578036910990e-04 5.055693728903033479e-01 1.409097596163606969e+00 2.102292588474648505e-01 2.048475284457202186e-02 5.915049334391303537e-01 1.882842231720853188e-01 9.187261081942283206e-03 1.678433266469166185e-02 7.281848705133600434e-03
-3.551047970815279786e-02 -2.192684383261943315e-02 3.877963842838109354e+00 -4.421481490932899772e-01 -2.011667610347009881e-03 3.439117322870873239e-01 1.464956203016606118e+00 -6.339850993891249856e-03 -1.196677657956431856e-02 -1.554309119137958078e-02
-2.869259125825049384e-02 -2.257937338582659964e-02 2.456756649338419862e+00 -2.196215493083926440e-02 4.909010362387772330e-02 -2.154369109971943780e-02 -2.363695123819241697e-02 1.139582363019063099e-01 -1.196670856703154449e-02 -1.554319231080363191e-02
-2.869258679481346413e-02 -2.257936464848709496e-02 -1.741130468301202772e+00 -2.196215180690076069e-02 -2.035474002574807779e-03 -2.154368049267359891e-02 -2.363695190457602152e-02 -6.337754901469812123e-03 -3.228513994618169639e-03 7.022109086562354774e-01
-4.677614160086573415e-04 1.344679152537906278e-02 1.387413795060706279e-01 -7.964593013250309550e-03 1.230423646781958133e-02 5.806184801983771404e-01 -5.180232200974788787e-03 -4.012248781500409901e-03 -3.316306000613076631e-03 1.717728821670463368e-01
