-1.389239281415939331e-01 6.405583117157220840e-03 5.726570636034011841e-02 4.354636650532484055e-03 6.371248513460159302e-03 7.218627631664276123e-02 2.712768688797950745e-02 5.954060330986976624e-02 3.078137990087270737e-03 -4.101504106074571609e-03 3.794065490365028381e-02 2.268597111105918884e-02 3.064610250294208527e-02 5.648392718285322189e-03 -2.122855046764016151e-03
-3.458329290151596069e-02 5.958389863371849060e-02 5.087371915578842163e-02 -2.117473166435956955e-03 1.493245735764503479e-02 3.218637034296989441e-02 2.594146318733692169e-02 2.131475135684013367e-02 5.679377820342779160e-03 -2.090127579867839813e-02 9.759499691426753998e-03 -7.073243148624897003e-03 2.273932844400405884e-02 5.844256840646266937e-03 -1.051605120301246643e-02
1.189587414264678955e-01 5.439091473817825317e-03 7.225236296653747559e-02 -1.212166529148817062e-02 9.452893398702144623e-03 4.514551162719726562e-02 2.727867662906646729e-02 4.269004613161087036e-02 -1.368620712310075760e-02 2.975913521368056536e-04 3.982162103056907654e-02 -1.414473727345466614e-02 -4.149689993937499821e-05 -9.759868495166301727e-03 -4.135725274682044983e-02
-5.863902568817138672e-01 -3.540292009711265564e-02 7.485970109701156616e-02 4.170298874378204346e-01 5.948534980416297913e-02 2.575132250785827637e-01 -1.435064827091991901e-03 2.050359696149826050e-01 -4.900891799479722977e-03 5.448397621512413025e-02 1.965892910957336426e-01 9.889117628335952759e-02 1.496036648750305176e-01 6.289876997470855713e-02 1.191599071025848389e-01
7.362364530563354492e-01 7.155263423919677734e-02 1.189217865467071533e-01 -8.394801616668701172e-02 2.075200825929641724e-01 -5.788738653063774109e-02 5.029025673866271973e-02 -1.011375263333320618e-01 -2.038459852337837219e-02 7.620076835155487061e-02 6.950412644073367119e-04 -1.728462427854537964e-01 -4.768110346049070358e-03 -3.906571120023727417e-02 -1.232802402228116989e-03
-2.818695008754730225e-01 4.581250716000795364e-03 6.865110993385314941e-02 1.990288682281970978e-02 -8.745953440666198730e-03 1.628773361444473267e-01 3.840713948011398315e-02 1.037634089589118958e-01 -6.139946635812520981e-03 -1.743007451295852661e-03 8.350834995508193970e-02 6.614749133586883545e-02 3.340604901313781738e-02 -8.174112881533801556e-04 -1.115915179252624512e-02
-2.754459679126739502e-01 1.303135417401790619e-02 1.176789849996566772e-01 4.969924688339233398e-03 3.118990547955036163e-02 7.049788534641265869e-02 1.545688509941101074e-01 9.751806408166885376e-02 -4.237008746713399887e-03 2.360138855874538422e-02 2.155770175158977509e-02 -2.236125618219375610e-02 2.579707093536853790e-02 -7.229574955999851227e-03 -7.162614911794662476e-02
-2.547393739223480225e-01 -4.082140047103166580e-03 7.848244905471801758e-02 1.769575290381908417e-02 -7.047001272439956665e-03 1.161004751920700073e-01 6.484193354845046997e-02 2.018643319606781006e-01 -1.496349647641181946e-02 2.595224417746067047e-02 7.844498753547668457e-02 2.714325860142707825e-02 2.094492875039577484e-02 -1.268375944346189499e-02 -3.914921730756759644e-02
-8.716412186622619629e-01 6.756749749183654785e-02 3.192298710346221924e-01 2.561714947223663330e-01 8.251404017210006714e-02 3.562987446784973145e-01 1.702380031347274780e-01 3.343578875064849854e-01 2.868103086948394775e-01 2.883275225758552551e-02 -2.592913247644901276e-02 2.229713052511215210e-01 4.324736297130584717e-01 1.089372336864471436e-01 1.164430528879165649e-01
-1.534199714660644531e+00 -9.944464266300201416e-02 2.466508746147155762e-01 9.519513696432113647e-02 8.807611465454101562e-02 2.835646271705627441e-01 2.293608188629150391e-01 3.682318031787872314e-01 -3.305687801912426949e-03 3.620184361934661865e-01 2.598843276500701904e-01 1.546508520841598511e-01 2.009300142526626587e-01 3.742383047938346863e-02 -1.367358211427927017e-02
-7.871662825345993042e-02 1.203724299557507038e-03 4.825231432914733887e-02 1.055307779461145401e-02 -4.208403173834085464e-03 6.466131657361984253e-02 2.160082757472991943e-02 5.159235000610351562e-02 -1.131262537091970444e-02 -2.689371351152658463e-03 9.157777577638626099e-02 3.389586508274078369e-02 1.742849871516227722e-02 -7.989865727722644806e-03 1.130301970988512039e-02
-3.072736561298370361e-01 6.679838523268699646e-03 5.203447490930557251e-02 3.144680336117744446e-02 -5.278367083519697189e-03 1.100184246897697449e-01 1.764098927378654480e-02 7.290339469909667969e-02 7.018898613750934601e-03 -2.653069095686078072e-03 7.258587330579757690e-02 1.971282809972763062e-01 4.326623305678367615e-02 1.173286233097314835e-02 2.754013799130916595e-02
-1.372405588626861572e-01 3.692387416958808899e-02 5.212555825710296631e-02 3.037416003644466400e-02 -6.513022352010011673e-03 7.679264992475509644e-02 1.048817578703165054e-02 4.826670885086059570e-02 9.430538862943649292e-03 -4.612115770578384399e-02 4.858411103487014771e-02 3.112217597663402557e-02 1.015964522957801819e-01 9.246793575584888458e-03 1.554138865321874619e-02
-3.282671451568603516e+00 3.962987661361694336e-02 5.737958550453186035e-01 2.025236338376998901e-01 1.306417882442474365e-01 5.696853995323181152e-01 1.437062025070190430e-01 4.025409519672393799e-01 -1.148308534175157547e-02 -6.900609284639358521e-02 9.281894192099571228e-03 9.837657213211059570e-02 2.227831482887268066e-01 6.790919303894042969e-01 3.726982697844505310e-02
-2.886349335312843323e-02 -2.939532883465290070e-02 2.464625518769025803e-03 7.999018579721450806e-02 -3.719997778534889221e-02 9.978474676609039307e-02 -6.459498405456542969e-02 -1.883896440267562866e-02 3.700969740748405457e-02 -1.297799171879887581e-03 2.361758500337600708e-01 3.469834029674530029e-01 8.187905699014663696e-02 5.232723429799079895e-02 4.006307125091552734e-01
