-4.884599758577583229e-04 4.431719429651982955e-01 7.857307515177316959e-02 -4.900994417042501758e-03 -1.752590349276028289e-03 1.470449073969662734e+00 5.804505319138571207e-02 1.698516752228119930e+00 2.616248235960010049e-02 -2.216466737901377423e-03
1.582376573445611334e-01 7.400422525231184490e-02 -4.865770764039263445e-04 1.505016173647580335e-01 2.122953209835826416e-01 4.411634832355634805e-01 -5.034537366134183255e-04 1.175624985474271397e-02 9.851920125456369373e-03 -2.216081748353227864e-03
-4.884599829284533724e-04 8.027378053123633908e-03 3.831578635277953226e-02 4.691727863427836744e-03 2.686242938031301319e-01 1.285606732972404576e+00 -5.034536938916510124e-04 -4.291247804428431839e-04 -4.986293193912068843e-03 -2.216466876172593515e-03
5.785643618315209485e-02 1.265744752330242751e+00 3.197655136278626607e-03 4.434065549081818436e-02 6.479568030399175171e+00 3.241896535906376275e+00 1.255316739953910954e+01 -3.975996689763865470e-04 5.196325736771963966e-01 4.661100689755297288e-02
4.151347197221267216e+00 2.952691208721899052e+00 3.450270815327541318e-01 -4.875224307812837769e-03 6.364224069822285168e-01 -5.007458579404266323e-04 2.183536895351343154e-01 -4.852569745014700692e-04 -4.986293845502347971e-03 -2.216467173307091944e-03
4.360933233715664353e-02 3.449850822693983216e-02 6.329486778510001743e-01 -4.887660182247921883e-03 2.379959168130023894e-01 1.545563684225040868e-01 1.703864892780823093e+00 -4.852562215070789454e-04 1.519636418642018177e-02 5.026183127240194115e-03
7.836300550016085664e-02 4.527814336501788106e-01 1.356783003807428105e-02 -4.898468798971969754e-03 5.740002195264909401e-03 1.802104360910504813e-02 -5.034537652497094720e-04 -2.748654794189416711e-04 5.203875161705617813e-04 5.333995536049658259e-01
1.124909823693426736e+00 4.625311943051845648e-02 -3.447919923345370784e-04 -3.954498185343401952e-03 9.468466824006238278e-03 -5.007455161847569700e-04 7.814500619217842337e-01 -4.301491061002790661e-04 2.655127822293012474e-01 2.668386688231086379e-01
3.991044418803737504e+00 4.016072414651040035e+00 -4.853199753454368005e-04 9.596307856982191908e-02 5.438925692967372383e-01 1.680574690151566353e+00 6.333532820066635871e+00 3.150794154131665525e+00 1.619254559385899572e+00 6.828918432011854903e-03
1.138741755428196223e+00 1.344761893820789478e-01 -4.865772248815072691e-04 -4.939762376084201427e-03 1.712590851613321041e-03 3.560495120106419886e+00 3.207760059658555374e+00 3.353503965036716550e-01 -4.986293791494388408e-03 1.002420259571625838e+00
