4.360996484756469727e-01 1.209597475826740265e-02 1.162329874932765961e-02 -9.627819061279296875e-03 -1.527889631688594818e-02 1.147651206701993942e-02 3.941574320197105408e-02 -1.866878569126129150e-02 2.323581464588642120e-02 8.205128461122512817e-02
3.289852663874626160e-02 5.773752927780151367e-01 3.824467211961746216e-02 3.865965828299522400e-02 3.935834858566522598e-03 -5.169111303985118866e-03 2.391595579683780670e-02 2.125521562993526459e-02 3.915501013398170471e-02 7.079762220382690430e-02
-1.067647486925125122e-01 1.419934481382369995e-01 4.165020585060119629e-01 2.597522363066673279e-02 1.219699718058109283e-02 5.503614898771047592e-03 7.007467094808816910e-03 1.921526342630386353e-02 4.270802736282348633e-01 3.999965637922286987e-02
-1.390064805746078491e-01 -1.210292652249336243e-01 -1.040036752820014954e-01 5.086998268961906433e-02 2.787623368203639984e-02 4.593585804104804993e-02 1.672771200537681580e-02 3.402627259492874146e-02 -1.023538187146186829e-01 -1.548028588294982910e-01
-3.284325450658798218e-02 -1.968940347433090210e-02 -1.918595470488071442e-02 3.550301492214202881e-02 1.705670170485973358e-02 2.714380808174610138e-02 1.222767028957605362e-02 2.353578433394432068e-02 -1.980144903063774109e-02 -6.032945588231086731e-02
-1.999716013669967651e-01 -1.522438526153564453e-01 -1.297205835580825806e-01 8.150568604469299316e-02 4.385411366820335388e-02 7.478221505880355835e-02 2.652886509895324707e-02 5.181246250867843628e-02 -1.261727064847946167e-01 -2.301661968231201172e-01
-3.306098654866218567e-02 -6.387986242771148682e-02 -6.979296356439590454e-02 4.512344300746917725e-02 2.111423201858997345e-02 3.476418182253837585e-02 1.754108816385269165e-02 3.214510902762413025e-02 -7.025323063135147095e-02 -8.635475486516952515e-02
-5.592086911201477051e-02 -5.441400036215782166e-02 -6.274718046188354492e-02 6.469469517469406128e-02 3.028713166713714600e-02 5.052911862730979919e-02 2.233404852449893951e-02 4.677788540720939636e-02 -6.133452057838439941e-02 -9.229487925767898560e-02
-3.321331366896629333e-02 6.897706538438796997e-02 1.858613938093185425e-01 1.150021981447935104e-02 5.296021234244108200e-03 1.088124932721257210e-03 9.052037261426448822e-03 1.108787488192319870e-02 2.187518924474716187e-01 1.509985141456127167e-02
2.867119200527667999e-02 5.706382915377616882e-02 -9.797239676117897034e-03 -3.329250961542129517e-03 1.341933966614305973e-03 2.001746324822306633e-03 -1.415221486240625381e-03 2.723692217841744423e-03 -1.734029874205589294e-02 4.288324415683746338e-01
