4.428221844136714935e-03 1.476012542843818665e-02 1.094912085682153702e-02 5.784009117633104324e-03 5.384368356317281723e-03 1.464525703340768814e-02 2.337077818810939789e-02 1.345522794872522354e-02 5.108856596052646637e-03 1.117812469601631165e-02 1.218488346785306931e-02 1.196894049644470215e-02 2.227180637419223785e-03 4.924631677567958832e-03 2.506173448637127876e-03
-2.547164214774966240e-03 9.067879058420658112e-03 9.790495038032531738e-03 8.223989978432655334e-03 2.851636381819844246e-03 1.322153303772211075e-02 2.411102317273616791e-02 1.326721720397472382e-02 7.684145122766494751e-03 1.136986818164587021e-02 6.569052115082740784e-03 6.786408834159374237e-03 5.672786850482225418e-03 7.743522524833679199e-03 8.265450014732778072e-04
-6.110341753810644150e-03 5.539790727198123932e-03 7.280322257429361343e-03 5.517891142517328262e-03 5.357872578315436840e-05 1.524634566158056259e-02 3.512917086482048035e-02 1.538363005965948105e-02 4.839083179831504822e-03 1.731240749359130859e-02 1.740763336420059204e-02 1.766747795045375824e-02 5.000730045139789581e-03 5.144437309354543686e-03 5.983228795230388641e-03
7.644076645374298096e-02 1.164996102452278137e-01 3.921828791499137878e-02 4.301355406641960144e-02 1.444545108824968338e-02 6.537439674139022827e-02 1.222190856933593750e-01 7.006347924470901489e-02 4.289950430393218994e-02 4.542797431349754333e-02 1.272878348827362061e-01 1.251164674758911133e-01 1.288748160004615784e-02 4.141053184866905212e-02 4.733745381236076355e-02
9.413492083549499512e-01 9.586850404739379883e-01 2.332861423492431641e-01 -7.320581376552581787e-02 4.332993924617767334e-01 1.418136954307556152e-01 -1.239791586995124817e-01 4.694244265556335449e-02 -1.055798977613449097e-01 -1.356279999017715454e-01 -9.599694609642028809e-02 -5.295423045754432678e-02 -7.473509013652801514e-02 -1.016307473182678223e-01 -1.214037835597991943e-01
8.602974005043506622e-03 1.468438468873500824e-02 7.527094800025224686e-03 5.701077636331319809e-03 2.308288123458623886e-03 1.183397229760885239e-02 2.697792463004589081e-02 1.487581804394721985e-02 4.728862084448337555e-03 1.172573585063219070e-02 2.736155502498149872e-02 2.633807249367237091e-02 8.224235847592353821e-03 5.228757392615079880e-03 1.197207625955343246e-02
1.138757448643445969e-02 2.025595121085643768e-02 8.706171065568923950e-03 7.821383886039257050e-03 3.186454297974705696e-03 1.109596528112888336e-02 1.342319510877132416e-02 1.187096536159515381e-02 7.935527712106704712e-03 3.856458468362689018e-03 1.141005102545022964e-02 1.145119220018386841e-02 5.052439868450164795e-03 7.774251978844404221e-03 3.400141838937997818e-03
1.549708750098943710e-02 2.301362715661525726e-02 9.217301383614540100e-03 4.264800343662500381e-03 4.474101122468709946e-03 1.334944367408752441e-02 2.616911567747592926e-02 1.469936594367027283e-02 3.442254150286316872e-03 1.112916134297847748e-02 1.954289712011814117e-02 2.027737349271774292e-02 6.017782725393772125e-03 3.963772673159837723e-03 7.855926640331745148e-03
-2.643153630197048187e-02 1.919515617191791534e-02 4.258099198341369629e-02 3.367055207490921021e-02 -3.027096390724182129e-03 8.030630648136138916e-02 1.854237765073776245e-01 9.671144932508468628e-02 2.783129364252090454e-02 9.221147745847702026e-02 2.415833622217178345e-02 1.484125293791294098e-02 2.040800824761390686e-02 3.187104314565658569e-02 -3.710200544446706772e-03
-7.862786948680877686e-02 -3.764380514621734619e-02 1.208718307316303253e-02 -6.605352275073528290e-03 -2.146026119589805603e-02 1.393329948186874390e-01 8.555199503898620605e-01 2.100718170404434204e-01 -1.693629473447799683e-02 5.760530829429626465e-01 2.661804668605327606e-02 5.178281292319297791e-02 -1.016191486269235611e-02 -2.095044218003749847e-02 3.111096331849694252e-03
3.231443464756011963e-03 1.154293585568666458e-02 7.031958550214767456e-03 5.795348435640335083e-03 -7.431110134348273277e-05 1.261335797607898712e-02 2.691455557942390442e-02 1.494103856384754181e-02 5.219136364758014679e-03 1.194544788450002670e-02 1.542527228593826294e-02 1.612615399062633514e-02 7.103941868990659714e-03 5.609702784568071365e-03 6.108454428613185883e-03
7.507086265832185745e-03 1.662894710898399353e-02 1.002591289579868317e-02 5.788398440927267075e-03 5.278453696519136429e-03 1.469202619045972824e-02 3.270949795842170715e-02 1.582402549684047699e-02 4.982023499906063080e-03 1.627218164503574371e-02 7.682664785534143448e-03 7.433819118887186050e-03 2.353243995457887650e-03 4.890687763690948486e-03 4.728959465865045786e-04
1.984756067395210266e-02 2.762207761406898499e-02 9.820302948355674744e-03 4.995706491172313690e-03 5.086813587695360184e-03 1.405112072825431824e-02 2.237952314317226410e-02 1.464096270501613617e-02 4.017849918454885483e-03 7.330848835408687592e-03 1.031271554529666901e-02 1.018346473574638367e-02 3.644368378445506096e-03 4.759822040796279907e-03 2.031481126323342323e-03
1.101995930075645447e-01 1.704618036746978760e-01 5.505500361323356628e-02 4.264281317591667175e-02 3.396680578589439392e-02 8.188016712665557861e-02 1.517809480428695679e-01 7.787666469812393188e-02 4.858423769474029541e-02 7.247465103864669800e-02 1.133173257112503052e-01 1.366932392120361328e-01 1.929582655429840088e-02 4.504236951470375061e-02 4.914130643010139465e-02
-2.582221291959285736e-02 1.757952995831146836e-04 4.889287054538726807e-03 -3.003358840942382812e-02 -2.666223049163818359e-02 4.908880591392517090e-02 9.032996743917465210e-02 3.854685649275779724e-02 -3.658289089798927307e-02 1.595306769013404846e-02 8.001854419708251953e-01 7.955960035324096680e-01 1.304641067981719971e-01 -1.915252953767776489e-02 4.649105668067932129e-01
