9.967677416498278679e-06 8.339209590716970173e-06 8.098749436901862483e-06 1.671981800878641030e-04 1.002906542496838653e-04 8.718566292148831272e-06 7.932975175530912153e-06 7.178334582347401916e-06 1.715197863550310263e-04 9.513150413555293203e-05 9.833822209331791455e-06 7.145323485244349071e-06 7.375586168021822918e-06 1.853528807959752011e-04 9.200451602763713352e-05
6.246928256795631039e-06 6.154630330637543093e-06 7.914909600015682296e-06 1.602043084484058410e-04 6.414675688975168529e-05 6.058486352053638505e-06 7.824658401831537325e-06 6.536512295846816356e-06 1.632511106056924917e-04 7.349930430564083480e-05 7.722707653208592347e-06 7.850679594883514182e-06 6.155174263071698247e-06 1.712432218180886504e-04 9.254609851430888425e-05
8.251180142178297098e-06 7.888698781553203236e-06 8.791043261358887331e-06 1.958744526911523475e-04 9.789675610495070311e-05 6.182432628979845672e-06 9.305316920893236951e-06 8.589241927049984273e-06 1.933362711832809974e-04 1.103544838345778381e-04 6.969720323002160441e-06 7.276531371530676411e-06 5.921603375999924346e-06 1.914953953084775435e-04 1.081187099160614806e-04
4.219611480849157160e-05 3.671933168828549909e-05 3.070449835873512791e-05 4.063214919868171865e-04 1.972430390736128029e-04 3.656087685382251797e-05 3.564383182738676745e-05 3.444491959982486860e-05 4.006428875646636826e-04 2.006109215048040959e-04 4.047677319428427027e-05 4.385931220339645784e-05 4.175063505681627529e-05 4.168788997425344669e-04 1.904967863681628743e-04
7.816622167930506319e-05 7.964706991090331114e-05 7.568833348618529244e-05 2.306859704202714341e-04 6.307877152256039519e-04 2.126043571292192562e-05 3.089775981018658244e-05 2.340412812348498453e-05 2.156065294561169922e-04 1.328453220092446060e-04 2.632459498911382244e-05 2.386468686146288578e-05 2.341304324495505239e-05 2.311202263668403348e-04 1.691500446254533621e-04
5.307777941025844406e-06 7.350419625907138724e-06 8.991118491671180898e-06 1.550614840038242544e-04 8.718256460539578173e-05 7.819968999979970929e-06 7.294299357260305804e-06 1.058829118196937077e-05 1.670255612983932703e-04 9.948294035987774171e-05 7.541367342821824218e-06 7.620617870780866292e-06 6.813422192252907830e-06 1.574551384454282743e-04 7.762244408185026861e-05
7.481757177455072764e-06 8.084503130590345942e-06 6.284453421272790400e-06 1.823104121648462062e-04 7.610918244397091369e-05 9.613269826837676150e-06 7.147959948017391261e-06 8.029376834403442826e-06 1.810148901662281761e-04 7.227897699031651682e-05 9.690177635848522313e-06 6.644812905518906794e-06 7.563666180265726761e-06 1.640316051371269062e-04 9.450059413603838861e-05
6.835431046053495199e-06 6.395889107056594946e-06 6.925928760263734907e-06 1.553862392309930402e-04 8.633818117122087391e-05 8.722399664600355106e-06 8.740670133935818083e-06 6.754885232536373569e-06 1.912254418707306244e-04 8.764239772253182791e-05 7.713599557345847066e-06 8.801316366792424084e-06 7.298896403225771853e-06 1.763403952281743074e-04 7.296228751673505375e-05
3.698053335012932869e-05 4.282153425732103646e-05 3.428997609701785242e-05 3.831804843645936817e-04 1.777135496568970350e-04 3.770006772711285997e-05 3.973384097137999790e-05 4.161430317582770960e-05 3.922541293223576479e-04 2.063402799919906180e-04 4.767895506598167680e-05 3.908369913775927400e-05 4.141683610491900123e-05 3.903017220144506844e-04 2.030834026908741156e-04
2.023922725660836183e-05 1.774452702664417331e-05 2.230210330425302104e-05 2.371346991435368840e-04 1.252793883628543583e-04 8.202458191770781312e-05 7.788528097235756684e-05 8.335925544995208410e-05 2.298005620440648014e-04 6.165492354076238229e-04 2.193542884033396697e-05 2.275829895835413695e-05 2.296178359134911775e-05 2.116944437585165149e-04 1.327031591860739293e-04
5.069188027768363467e-06 9.331207086309725425e-06 7.383994020728941160e-06 2.123921520832089231e-04 6.965215243730640620e-05 8.988131869565615416e-06 6.088347926397791455e-06 7.536548689461060025e-06 1.823338952068542741e-04 7.092324841785059249e-05 5.758411734075360735e-06 9.021303337292256076e-06 5.957453842394858159e-06 1.731565750200474943e-04 9.600055610340199087e-05
8.772815157188338541e-06 8.973876350014845668e-06 6.692597449322356651e-06 1.795870637432587591e-04 8.118081811753326477e-05 9.406555323130700254e-06 8.527358163943187116e-06 7.921670857252057900e-06 1.689708044337760512e-04 1.030480974630151907e-04 7.871976678683622158e-06 6.470975701765337693e-06 7.779831013349009958e-06 1.566718629945136512e-04 8.654137157107049923e-05
8.217961851420159392e-06 8.110365124326559581e-06 8.802135492167380032e-06 1.577229402087038123e-04 8.508259223395539484e-05 5.229613366279863361e-06 7.016494582418047721e-06 8.272079659161426666e-06 1.937546013579377320e-04 9.910728739692839745e-05 8.309307360505036429e-06 7.631161112932728389e-06 6.821873510482120679e-06 1.830812767327036242e-04 8.853726458741470451e-05
4.155427152253241972e-05 4.266479474726781644e-05 4.197118020096030913e-05 4.036860933381152829e-04 1.943013370559692305e-04 3.534776738771236080e-05 4.070953203915180218e-05 3.576257128252341070e-05 3.968910443322871007e-04 1.913652613078633765e-04 3.628569842867681357e-05 4.354104130836340241e-05 4.288041311734734737e-05 3.875132335069466087e-04 1.896115473965831238e-04
2.656328896891084848e-05 2.169853953193426739e-05 2.213778108733938465e-05 2.259661163100037810e-04 1.499081203484962260e-04 2.351634597529036805e-05 2.443918554683688509e-05 1.966641887753644465e-05 2.243472632349529717e-04 1.429601114351606325e-04 7.491898618360770719e-05 7.834454207034247792e-05 7.748364956967581556e-05 2.282372524376542256e-04 6.439726860072552675e-04
