-2.218851633369922638e-02 7.732095546089112759e-04 5.368362762965261936e-04 -4.955474287271499634e-04 5.835717893205583096e-04 1.076903135981410742e-04 -6.210629944689571857e-04 -7.734046666882932186e-04 1.761637977324426174e-04 -8.995742537081241608e-03 7.637186208739876747e-04 -6.647735426668077707e-05 4.524177056737244129e-04 2.953402872662991285e-04 -3.116548468824476004e-04
-1.151081919670104980e-02 1.015078858472406864e-03 -1.912921288749203086e-04 -6.967145600356161594e-04 7.308809290407225490e-05 -6.958750891499221325e-04 -1.380718429572880268e-03 -1.344753778539597988e-03 3.474686236586421728e-04 -1.618890091776847839e-03 1.040504939737729728e-04 -7.279289420694112778e-04 9.294664487242698669e-04 1.782844192348420620e-04 -3.537489392329007387e-04
-1.682899147272109985e-02 6.526811048388481140e-04 -3.570571789168752730e-05 -2.430165041005238891e-04 4.332835960667580366e-04 -5.240868777036666870e-04 -2.073792275041341782e-04 -2.476065419614315033e-04 9.265403059544041753e-05 2.731459960341453552e-02 2.435324422549456358e-04 8.719300240045413375e-05 6.062246393412351608e-04 3.025683399755507708e-04 7.628252205904573202e-06
-5.270208418369293213e-02 3.063188167288899422e-03 3.502475155983120203e-04 3.700823290273547173e-03 2.173157641664147377e-03 -4.001613240689039230e-03 -1.899818703532218933e-02 -1.469469070434570312e-02 1.717357081361114979e-03 1.589615247212350368e-03 1.303051481954753399e-03 2.202775329351425171e-03 5.380410701036453247e-03 2.452060114592313766e-03 -2.787704579532146454e-03
-7.335682958364486694e-02 5.757024046033620834e-03 7.269150810316205025e-04 -4.377361852675676346e-03 3.735377918928861618e-03 -5.903568817302584648e-04 -1.590932905673980713e-02 -1.603946834802627563e-02 2.723326906561851501e-03 -7.958920300006866455e-02 2.836986968759447336e-04 8.013403275981545448e-04 6.215842440724372864e-03 4.565097042359411716e-04 -5.524792242795228958e-03
-5.664417520165443420e-03 9.698059875518083572e-04 -3.519436868373304605e-04 8.287208038382232189e-05 2.411969617241993546e-04 -1.991715253097936511e-04 3.910382743924856186e-03 1.915882457979023457e-03 1.398627937305718660e-04 5.082580074667930603e-02 4.644466680474579334e-04 1.144273483077995479e-04 6.894286489114165306e-04 -2.576730330474674702e-04 -3.553385613486170769e-04
-6.721581798046827316e-03 8.346663089469075203e-04 1.718873827485367656e-04 -2.157586714019998908e-04 -3.596813621697947383e-05 1.495050528319552541e-04 4.880111198872327805e-03 2.937972778454422951e-03 2.319014165550470352e-04 6.501322984695434570e-02 5.981583963148295879e-04 1.369121600873768330e-04 6.547092925757169724e-04 2.251757396152243018e-04 7.194474892457947135e-05
-1.656424067914485931e-02 9.228826384060084820e-04 3.252212773077189922e-04 -3.594958106987178326e-04 3.812352370005100965e-04 9.789445903152227402e-05 3.326538484543561935e-03 1.784943160600960255e-03 1.019978080876171589e-04 4.947821050882339478e-02 9.013946400955319405e-04 2.250648540211841464e-04 7.700248388573527336e-04 2.669513050932437181e-04 -4.228496400173753500e-04
-6.996343284845352173e-02 5.588780622929334641e-03 -7.486961549147963524e-04 -6.898558349348604679e-04 -2.108397427946329117e-03 -2.418698510155081749e-03 -8.548122830688953400e-03 -5.339529598131775856e-04 3.127514151856303215e-03 -2.035912498831748962e-02 4.143750295042991638e-03 3.152311255689710379e-04 5.241842009127140045e-03 1.580828800797462463e-03 -4.735143389552831650e-03
5.191594362258911133e-02 4.214736633002758026e-03 2.423530211672186852e-03 8.872055332176387310e-04 1.825635554268956184e-03 4.136078350711613894e-04 8.655506372451782227e-02 5.705487355589866638e-02 1.993726007640361786e-03 5.510161519050598145e-01 4.544907249510288239e-03 6.762258126400411129e-04 3.650132101029157639e-03 5.238582845777273178e-03 1.054691965691745281e-03
-1.686745323240756989e-02 9.737167856656014919e-04 -3.187402326148003340e-04 -4.732899833470582962e-04 4.127000283915549517e-04 -9.898815915221348405e-05 -8.084302535280585289e-04 -1.315015251748263836e-03 4.627235175576061010e-04 3.787775710225105286e-02 3.870535874739289284e-04 4.907809779979288578e-04 7.125289994291961193e-04 -7.435940460709389299e-06 -1.832452398957684636e-04
-1.142570748925209045e-02 9.923821780830621719e-04 -3.263261460233479738e-04 -4.463822406250983477e-04 2.836374333128333092e-04 -5.242392071522772312e-04 -6.798388785682618618e-04 -1.155714155174791813e-03 2.586856717243790627e-04 1.005101017653942108e-02 1.610628387425094843e-04 -1.165089124697260559e-04 7.317688432522118092e-04 1.698472624411806464e-04 -2.613321121316403151e-04
-1.886133477091789246e-02 1.204613130539655685e-03 -2.971646026708185673e-04 -2.878052182495594025e-04 7.297981064766645432e-04 -2.527046017348766327e-04 -2.833898412063717842e-03 -2.361830323934555054e-03 2.738259499892592430e-04 -1.664238236844539642e-02 5.868794978596270084e-04 -2.132467052433639765e-04 1.836596406064927578e-03 -2.520793932490050793e-04 -9.234744939021766186e-04
-2.125871367752552032e-02 4.136038012802600861e-03 1.773992786183953285e-03 3.306753467768430710e-03 3.403863171115517616e-03 -1.721077482216060162e-03 -1.454302668571472168e-02 -1.323104929178953171e-02 -3.292368724942207336e-03 -1.363941580057144165e-01 2.115304116159677505e-03 1.717901468509808183e-04 7.263598032295703888e-03 -3.997933818027377129e-04 5.705775693058967590e-04
-8.613026887178421021e-02 4.476976580917835236e-03 -1.766999368555843830e-03 -3.498258534818887711e-03 4.148523788899183273e-03 -6.551346450578421354e-05 -5.539265461266040802e-03 -7.417247164994478226e-03 1.413790858350694180e-03 -8.319419808685779572e-03 2.300394698977470398e-03 1.582272350788116455e-03 1.572831533849239349e-03 1.045314056682400405e-04 -2.251988975331187248e-03
