1.037655591964721680e+00 1.046055316925048828e+00 1.035950660705566406e+00 1.025527477264404297e+00 8.125438690185546875e-01 1.021627068519592285e+00 1.047273397445678711e+00 1.040905952453613281e+00 1.025997519493103027e+00 8.108065724372863770e-01 1.014861345291137695e+00 1.025920867919921875e+00 1.024140715599060059e+00 1.024497985839843750e+00 8.017584681510925293e-01
1.039302945137023926e+00 1.051669955253601074e+00 1.041437745094299316e+00 1.028135061264038086e+00 8.149688243865966797e-01 1.027359008789062500e+00 1.050274133682250977e+00 1.043111920356750488e+00 1.029553532600402832e+00 8.140218257904052734e-01 1.016751050949096680e+00 1.026433587074279785e+00 1.027848243713378906e+00 1.026254296302795410e+00 8.047500252723693848e-01
1.042250633239746094e+00 1.051059603691101074e+00 1.042362332344055176e+00 1.031048178672790527e+00 8.163399100303649902e-01 1.029712915420532227e+00 1.051210284233093262e+00 1.046471953392028809e+00 1.032198667526245117e+00 8.165049552917480469e-01 1.016525506973266602e+00 1.029371380805969238e+00 1.028961777687072754e+00 1.029170274734497070e+00 8.063045740127563477e-01
1.042633533477783203e+00 1.052108049392700195e+00 1.046064257621765137e+00 1.032535791397094727e+00 8.184082508087158203e-01 1.028529167175292969e+00 1.055646896362304688e+00 1.050247907638549805e+00 1.034114241600036621e+00 8.178359270095825195e-01 1.019936323165893555e+00 1.031797051429748535e+00 1.033141970634460449e+00 1.030899882316589355e+00 8.086531758308410645e-01
1.044557571411132812e+00 1.054527282714843750e+00 1.044709801673889160e+00 1.035430550575256348e+00 8.197295665740966797e-01 1.029994130134582520e+00 1.056360840797424316e+00 1.049913644790649414e+00 1.036141514778137207e+00 8.198041319847106934e-01 1.023205041885375977e+00 1.035969495773315430e+00 1.034759402275085449e+00 1.033323407173156738e+00 8.097311258316040039e-01
1.050403714179992676e+00 1.056478142738342285e+00 1.048375844955444336e+00 1.036951780319213867e+00 8.231055140495300293e-01 1.031527638435363770e+00 1.060426950454711914e+00 1.054485917091369629e+00 1.038880944252014160e+00 8.225035667419433594e-01 1.027984380722045898e+00 1.041414737701416016e+00 1.033715486526489258e+00 1.035224080085754395e+00 8.122391700744628906e-01
1.052874922752380371e+00 1.065823435783386230e+00 1.049758553504943848e+00 1.038621783256530762e+00 8.243552446365356445e-01 1.033633589744567871e+00 1.062129855155944824e+00 1.055936098098754883e+00 1.040220260620117188e+00 8.247737884521484375e-01 1.030369520187377930e+00 1.037592649459838867e+00 1.042217135429382324e+00 1.037775039672851562e+00 8.148670196533203125e-01
1.053784489631652832e+00 1.061828136444091797e+00 1.050567507743835449e+00 1.041210412979125977e+00 8.262926340103149414e-01 1.041215896606445312e+00 1.060258150100708008e+00 1.057640671730041504e+00 1.042335152626037598e+00 8.265286087989807129e-01 1.026235222816467285e+00 1.037062525749206543e+00 1.038577556610107422e+00 1.038312196731567383e+00 8.154457211494445801e-01
1.056687831878662109e+00 1.061739206314086914e+00 1.053749799728393555e+00 1.042862892150878906e+00 8.280983567237854004e-01 1.037641525268554688e+00 1.064675450325012207e+00 1.059112668037414551e+00 1.044172406196594238e+00 8.278352618217468262e-01 1.030404210090637207e+00 1.041043877601623535e+00 1.042482495307922363e+00 1.041238427162170410e+00 8.182582259178161621e-01
1.056776881217956543e+00 1.064327478408813477e+00 1.054282665252685547e+00 1.046181440353393555e+00 8.305532932281494141e-01 1.042487144470214844e+00 1.068397402763366699e+00 1.059552788734436035e+00 1.046845078468322754e+00 8.306288719177246094e-01 1.034980177879333496e+00 1.042143583297729492e+00 1.044268131256103516e+00 1.043797850608825684e+00 8.209968805313110352e-01
1.063154578208923340e+00 1.067291855812072754e+00 1.059415578842163086e+00 1.048465132713317871e+00 8.340353965759277344e-01 1.043387293815612793e+00 1.069000124931335449e+00 1.061939001083374023e+00 1.048927903175354004e+00 8.323335647583007812e-01 1.035093545913696289e+00 1.051133036613464355e+00 1.043633937835693359e+00 1.045611977577209473e+00 8.232144117355346680e-01
1.068198323249816895e+00 1.069835543632507324e+00 1.061557650566101074e+00 1.049587965011596680e+00 8.352286219596862793e-01 1.047607064247131348e+00 1.072195172309875488e+00 1.065103769302368164e+00 1.051174521446228027e+00 8.353142142295837402e-01 1.040550351142883301e+00 1.047096133232116699e+00 1.048742651939392090e+00 1.048132538795471191e+00 8.253649473190307617e-01
1.072130084037780762e+00 1.072473764419555664e+00 1.061280488967895508e+00 1.052523255348205566e+00 8.360196948051452637e-01 1.047701239585876465e+00 1.072870254516601562e+00 1.065229773521423340e+00 1.053869843482971191e+00 8.375766873359680176e-01 1.037868261337280273e+00 1.046458959579467773e+00 1.048706054687500000e+00 1.049433350563049316e+00 8.268229961395263672e-01
1.074799656867980957e+00 1.072180151939392090e+00 1.064849257469177246e+00 1.053116559982299805e+00 8.393951654434204102e-01 1.049088954925537109e+00 1.076380133628845215e+00 1.068162441253662109e+00 1.054685711860656738e+00 8.383097648620605469e-01 1.041326284408569336e+00 1.053029894828796387e+00 1.051720857620239258e+00 1.051782965660095215e+00 8.292280435562133789e-01
1.076555967330932617e+00 1.076632738113403320e+00 1.064814329147338867e+00 1.055536150932312012e+00 8.409038782119750977e-01 1.051162004470825195e+00 1.075035572052001953e+00 1.072158336639404297e+00 1.056699633598327637e+00 8.410445451736450195e-01 1.044875741004943848e+00 1.055520415306091309e+00 1.055237889289855957e+00 1.054104447364807129e+00 8.313015699386596680e-01
