-1.790665672160685062e-03 1.993997721001505852e-04 -3.387418342754244804e-03 -1.066600624471902847e-02 -3.352130763232707977e-03 -3.714006452355533838e-04 -2.028423361480236053e-03 -1.739263068884611130e-03 -1.017067395150661469e-02 -2.645335858687758446e-03 -4.158538766205310822e-03 -1.858456758782267570e-03 -3.418078646063804626e-03 -1.023755595088005066e-02 -3.915350418537855148e-03
-1.416528248228132725e-03 -3.243000537622720003e-05 -3.194696502760052681e-03 -1.058267708867788315e-02 -3.051217412576079369e-03 1.894407032523304224e-04 -1.518193050287663937e-03 -2.134680282324552536e-03 -9.925438091158866882e-03 -3.072981024160981178e-03 -3.963576164096593857e-03 -1.928631914779543877e-03 -3.413336817175149918e-03 -9.741796180605888367e-03 -3.880194388329982758e-03
-1.949355588294565678e-03 1.215502852573990822e-04 -3.066368633881211281e-03 -1.076059974730014801e-02 -3.137578722089529037e-03 1.340501239610603079e-05 -1.780640683136880398e-03 -1.037428970448672771e-03 -1.007899083197116852e-02 -3.023563651368021965e-03 -4.019317682832479477e-03 -1.983185065910220146e-03 -3.105194773524999619e-03 -1.032181642949581146e-02 -4.092869348824024200e-03
-4.381513688713312149e-03 -2.857391955330967903e-03 -1.600395143032073975e-02 -5.252064019441604614e-02 -1.681995205581188202e-02 -2.228491939604282379e-03 -1.144889369606971741e-02 -9.174871258437633514e-03 -5.054270476102828979e-02 -1.087762136012315750e-02 -2.170783840119838715e-02 -7.221385836601257324e-03 -1.714403368532657623e-02 -4.896936193108558655e-02 -1.743743382394313812e-02
-5.929326172918081284e-03 1.382114249281585217e-03 -1.125433109700679779e-02 -5.064527317881584167e-02 -9.252482093870639801e-03 4.408642649650573730e-03 -4.027453251183032990e-03 -4.704004153609275818e-03 -4.658861458301544189e-02 -1.355502195656299591e-02 -1.601816713809967041e-02 -7.863192819058895111e-03 -1.514808647334575653e-02 -4.722084105014801025e-02 -1.793975755572319031e-02
-1.233631861396133900e-03 1.867799146566540003e-04 -2.979570068418979645e-03 -9.400865063071250916e-03 -3.001378150656819344e-03 -8.555722160963341594e-05 -1.732961973175406456e-03 -1.301316078752279282e-03 -8.890292607247829437e-03 -2.421444049105048180e-03 -3.398857545107603073e-03 -1.362160895951092243e-03 -3.125367918983101845e-03 -8.711464703083038330e-03 -3.437822684645652771e-03
-1.433221739716827869e-03 -7.664047188882250339e-06 -3.355766413733363152e-03 -1.108429953455924988e-02 -3.010603832080960274e-03 3.475695484667085111e-05 -1.582062570378184319e-03 -8.648462826386094093e-04 -9.898099116981029510e-03 -2.935479395091533661e-03 -3.935695160180330276e-03 -2.044087508693337440e-03 -3.494614502415060997e-03 -1.047520432621240616e-02 -4.115630406886339188e-03
-1.403229776769876480e-03 -1.207463428727351129e-04 -3.111219964921474457e-03 -9.796155616641044617e-03 -3.057076828554272652e-03 -2.170357911381870508e-04 -1.710838521830737591e-03 -1.613209024071693420e-03 -9.389974176883697510e-03 -2.715161303058266640e-03 -3.754871664568781853e-03 -1.529346918687224388e-03 -3.103212453424930573e-03 -9.424683637917041779e-03 -3.669486381113529205e-03
-5.133592057973146439e-03 7.061864598654210567e-04 -1.351172290742397308e-02 -4.216727986931800842e-02 -1.221554167568683624e-02 5.672878120094537735e-03 -5.058668088167905807e-03 -5.634335335344076157e-03 -4.032198712229728699e-02 -1.414954941719770432e-02 -1.578891277313232422e-02 -4.841802641749382019e-03 -1.010965555906295776e-02 -4.168085381388664246e-02 -1.428407430648803711e-02
-4.420801065862178802e-03 1.717335428111255169e-03 -1.390877831727266312e-02 -4.659455269575119019e-02 -1.306622102856636047e-02 1.811040448956191540e-03 -6.638051941990852356e-03 -3.913057036697864532e-03 -4.212274029850959778e-02 -4.434190690517425537e-03 -1.629657670855522156e-02 -6.760678254067897797e-03 -1.466197893023490906e-02 -3.973772376775741577e-02 -1.240944210439920425e-02
-1.270523411221802235e-03 9.545894863549619913e-05 -3.060414455831050873e-03 -1.051737926900386810e-02 -2.852430101484060287e-03 -2.603768371045589447e-04 -1.517611090093851089e-03 -1.025240286253392696e-03 -8.927393704652786255e-03 -2.543936483561992645e-03 -3.504254855215549469e-03 -2.318374346941709518e-03 -3.620336297899484634e-03 -9.135566651821136475e-03 -3.759955521672964096e-03
-1.387465628795325756e-03 3.907259451807476580e-05 -3.359654918313026428e-03 -1.139017008244991302e-02 -2.891582902520895004e-03 2.861156535800546408e-04 -1.411899225786328316e-03 -1.175073091872036457e-03 -1.041642948985099792e-02 -3.173018107190728188e-03 -4.052371252328157425e-03 -2.037044847384095192e-03 -3.455337602645158768e-03 -1.089078374207019806e-02 -4.021282773464918137e-03
-1.243053236976265907e-03 6.552253034897148609e-05 -3.397445194423198700e-03 -9.273780509829521179e-03 -2.768804784864187241e-03 -3.499836020637303591e-04 -1.451086485758423805e-03 -1.137213548645377159e-03 -8.741884492337703705e-03 -1.952906604856252670e-03 -3.654500469565391541e-03 -1.558875897899270058e-03 -2.755513181909918785e-03 -9.124299511313438416e-03 -3.137637628242373466e-03
-6.539546418935060501e-03 -2.427029190585017204e-03 -1.185114681720733643e-02 -6.200569123029708862e-02 -1.747635193169116974e-02 5.994864273816347122e-03 -1.005779113620519638e-02 -9.812351316213607788e-03 -5.757632479071617126e-02 -1.847143471240997314e-02 -2.235469594597816467e-02 -5.279283970594406128e-03 -1.751415245234966278e-02 -5.297417193651199341e-02 -2.508818916976451874e-02
-5.746327806264162064e-03 9.884228929877281189e-04 -1.409443560987710953e-02 -5.004538595676422119e-02 -1.276034209877252579e-02 2.175782108679413795e-03 -6.537162698805332184e-03 -4.287087824195623398e-03 -4.607138782739639282e-02 -1.005561277270317078e-02 -1.674301549792289734e-02 -8.250220678746700287e-03 -1.515618897974491119e-02 -4.684776812791824341e-02 -1.591426320374011993e-02
