3.948431834578514099e-02 -2.168854139745235443e-02 -1.292783301323652267e-02 7.247938960790634155e-02 -8.952721208333969116e-02 7.119166105985641479e-02 2.375422120094299316e-01 -7.818564027547836304e-02 -8.430542796850204468e-02 -8.135499060153961182e-02
-9.810569137334823608e-02 -4.334304016083478928e-03 -1.474345009773969650e-02 9.287965297698974609e-02 -1.146259456872940063e-01 5.940918624401092529e-02 2.034136652946472168e-02 -1.146336793899536133e-01 -1.133304014801979065e-01 -1.162598729133605957e-01
3.885005426127463579e-04 -3.184438974130898714e-04 -9.773822966963052750e-06 5.587860941886901855e-03 -6.041140659363009036e-05 7.902354933321475983e-03 1.022727228701114655e-03 -5.740760389016941190e-05 -1.218108664033934474e-04 -1.943366805789992213e-04
-9.029162675142288208e-02 -1.726977713406085968e-02 -1.934509165585041046e-02 1.522500514984130859e-01 -1.399715393781661987e-01 1.059468090534210205e-01 8.244886994361877441e-02 -1.436023563146591187e-01 -1.483317166566848755e-01 -1.480213254690170288e-01
-2.509069396182894707e-03 6.338570383377373219e-04 -3.749875468201935291e-04 4.154596012085676193e-03 -3.490621224045753479e-03 3.326247446238994598e-03 2.886079484596848488e-03 -1.749496790580451488e-03 -6.967022782191634178e-04 -1.500052865594625473e-03
-1.662003062665462494e-02 -6.728539709001779556e-03 -8.304661139845848083e-03 3.714358434081077576e-02 -7.333555072546005249e-02 2.964059077203273773e-02 7.014667987823486328e-02 -6.522041559219360352e-02 -6.284181773662567139e-02 -6.029218807816505432e-02
9.678237140178680420e-02 -1.884853467345237732e-02 -3.361175535246729851e-03 5.768569186329841614e-02 -5.193828046321868896e-02 6.811609864234924316e-02 2.642014324665069580e-01 -3.946637362241744995e-02 -4.463993757963180542e-02 -4.410133510828018188e-02
-3.958751447498798370e-03 2.820835215970873833e-03 -5.203530308790504932e-04 3.524092491716146469e-03 -1.485256711021065712e-03 2.427063416689634323e-03 5.678041838109493256e-03 4.066172055900096893e-03 5.942048504948616028e-03 4.872966557741165161e-03
-1.304772403091192245e-02 3.090895479544997215e-03 -1.150599782704375684e-04 4.283160436898469925e-03 -1.883331802673637867e-03 4.889631643891334534e-03 1.167374476790428162e-02 9.110887534916400909e-03 1.274354942142963409e-02 1.369126699864864349e-02
-1.658886671066284180e-02 2.038038102909922600e-03 -3.261128440499305725e-03 1.868842542171478271e-02 -3.346437588334083557e-02 1.093295961618423462e-02 2.059906907379627228e-02 -2.552693150937557220e-02 -2.179215103387832642e-02 -2.145860716700553894e-02
