1.200862578116357327e-03 -1.936314947670325637e-04 1.164031215012073517e-03 -8.515701665601227432e-06 3.621962387114763260e-03 5.218554870225489140e-04 1.677923952229321003e-03 1.083391602151095867e-03 7.133351173251867294e-04 1.816657138988375664e-03 1.722505548968911171e-03 1.319824368692934513e-03 4.836846492253243923e-04 -1.488872367190197110e-04 1.429384225048124790e-03
3.764130640774965286e-03 7.458866457454860210e-05 6.907301140017807484e-04 1.480635954067111015e-03 1.393884653225541115e-03 2.004385460168123245e-03 3.299467032775282860e-03 2.606701105833053589e-03 1.706378883682191372e-03 3.133049467578530312e-03 3.095667576417326927e-03 2.635286422446370125e-03 2.231368562206625938e-03 1.495468895882368088e-03 2.578143263235688210e-03
3.841048106551170349e-03 -9.421364666195586324e-05 1.038686139509081841e-03 1.123998546972870827e-03 1.815274707041680813e-03 1.492164446972310543e-03 3.448584116995334625e-03 2.050243783742189407e-03 1.442750217393040657e-03 2.938387915492057800e-03 3.296041395515203476e-03 2.775873290374875069e-03 1.980692613869905472e-03 1.524586696177721024e-03 2.692067297175526619e-03
3.861702512949705124e-03 -1.339970855042338371e-03 5.121934693306684494e-03 5.236045923084020615e-03 7.432264741510152817e-03 1.986741088330745697e-03 4.686108324676752090e-03 8.229289203882217407e-03 3.308720653876662254e-03 1.168783754110336304e-02 1.150081679224967957e-02 1.092653442174196243e-02 7.235374301671981812e-03 6.250902079045772552e-03 7.653950713574886322e-03
-4.910757765173912048e-02 7.594653870910406113e-03 2.194351283833384514e-03 -3.126455098390579224e-02 3.864952921867370605e-02 -2.754670195281505585e-02 -2.391847781836986542e-02 -2.602674998342990875e-02 -2.634879760444164276e-02 -2.372927591204643250e-02 -2.437839470803737640e-02 -2.328885905444622040e-02 -2.402856573462486267e-02 -3.609696403145790100e-02 -2.483996935188770294e-02
2.318596001714468002e-03 2.409366570645943284e-04 6.881179870106279850e-04 9.531588293612003326e-04 2.622378990054130554e-03 1.604539807885885239e-03 3.839364973828196526e-03 2.184763085097074509e-03 1.199005637317895889e-03 3.052371321246027946e-03 3.161427099257707596e-03 3.343495307490229607e-03 1.354642445221543312e-03 -7.535856566391885281e-04 1.988355768844485283e-03
1.013236003927886486e-03 4.065039101988077164e-04 8.555884705856442451e-04 -1.721244334476068616e-04 3.308252431452274323e-03 8.397050551138818264e-04 2.507148776203393936e-03 1.133786048740148544e-03 4.531382874120026827e-04 2.060111844912171364e-03 1.581629272550344467e-03 1.980697968974709511e-03 4.227903555147349834e-04 -7.883351063355803490e-04 1.270908396691083908e-03
7.269774796441197395e-04 1.852010027505457401e-04 9.837351972237229347e-04 -3.984991344623267651e-04 3.847297513857483864e-03 3.389287739992141724e-04 1.914193038828670979e-03 6.651948788203299046e-04 -1.600948307896032929e-04 1.695849816314876080e-03 1.518997829407453537e-03 1.583388424478471279e-03 3.820728161372244358e-04 -9.388794424012303352e-04 1.093537313863635063e-03
-2.364437328651547432e-03 4.057222045958042145e-03 5.210193805396556854e-03 -9.561010519973933697e-04 2.154472284018993378e-02 5.438278312794864178e-04 4.204031545668840408e-03 7.637585978955030441e-03 3.377969842404127121e-03 9.332967922091484070e-03 7.562357466667890549e-03 9.685546159744262695e-03 4.052860662341117859e-03 -9.401292540132999420e-03 4.153502173721790314e-03
2.375708147883415222e-02 9.474160469835624099e-05 6.596126593649387360e-03 8.660672232508659363e-03 2.122541517019271851e-02 1.747828535735607147e-02 2.701535075902938843e-02 2.019838243722915649e-02 1.364530157297849655e-02 2.209194190800189972e-02 2.202462591230869293e-02 2.462235651910305023e-02 1.370350178331136703e-02 8.152261376380920410e-03 2.075682953000068665e-02
3.078999288845807314e-04 4.679317062254995108e-04 8.767036488279700279e-04 -6.671041483059525490e-04 4.157930146902799606e-03 3.488890943117439747e-04 1.136956503614783287e-03 3.869124921038746834e-04 1.060191862052306533e-04 1.288783969357609749e-03 1.282099517993628979e-03 1.595977460965514183e-03 2.175997069571167231e-04 -1.285337377339601517e-03 1.223463797941803932e-03
3.523947671055793762e-04 4.797083965968340635e-04 8.982139988802373409e-04 -2.883702982217073441e-04 2.930319402366876602e-03 9.661899821367114782e-05 1.321869320236146450e-03 4.526958218775689602e-04 1.811637921491637826e-04 1.354946056380867958e-03 1.620232360437512398e-03 1.152988057583570480e-03 6.056301645003259182e-04 -3.980666224379092455e-04 1.342851901426911354e-03
1.900134491734206676e-03 5.049230094300583005e-05 6.391095812432467937e-04 6.871910300105810165e-04 3.091199789196252823e-03 1.122381654568016529e-03 1.832496840506792068e-03 1.777521567419171333e-03 9.110922692343592644e-04 2.127171959728002548e-03 2.000253414735198021e-03 1.822999911382794380e-03 1.797074801288545132e-03 3.160682390443980694e-04 1.515122363343834877e-03
9.329256601631641388e-03 -2.248766133561730385e-03 7.559004705399274826e-03 6.256259046494960785e-03 5.979264620691537857e-03 2.365883206948637962e-03 3.691754071041941643e-03 6.303389091044664383e-03 1.673201564699411392e-03 1.144947763532400131e-02 1.215616986155509949e-02 7.718849927186965942e-03 1.067124772816896439e-02 1.101872697472572327e-02 8.006926625967025757e-03
2.497448213398456573e-02 -3.779570397455245256e-04 2.546424046158790588e-03 9.303520433604717255e-03 1.585821993649005890e-02 1.419159304350614548e-02 2.083664201200008392e-02 1.684082858264446259e-02 1.169575471431016922e-02 1.903758570551872253e-02 1.801538653671741486e-02 1.903995312750339508e-02 1.217154134064912796e-02 8.103283122181892395e-03 1.766686700284481049e-02
