3.968157805502414703e-03 1.599556766450405121e-03 1.111419056542217731e-03 3.251972884754650295e-05 4.033391363918781281e-03 3.576134913600981236e-04 9.783363202586770058e-04 -2.804164250846952200e-04 1.670152531005442142e-03 -5.417259410023689270e-03 1.666851603658869863e-04 4.405637737363576889e-04 2.795322332531213760e-03 3.606571408454328775e-04 -4.174695909023284912e-02
1.042037270963191986e-02 1.925596850924193859e-03 -2.411503082839772105e-04 -8.136258111335337162e-04 2.846820978447794914e-03 -6.693775649182498455e-04 1.835531147662550211e-04 -9.639398194849491119e-04 2.035205252468585968e-03 5.311418324708938599e-03 -6.459060823544859886e-04 -5.925503792241215706e-04 2.515574218705296516e-03 -3.104372808593325317e-05 -5.466249771416187286e-03
1.089477818459272385e-02 1.381497597321867943e-03 4.763943070429377258e-05 -2.692413690965622663e-04 4.134198185056447983e-03 -6.079548620618879795e-04 6.389802438206970692e-04 -1.035774825140833855e-03 1.949808211065828800e-03 6.252463441342115402e-03 -1.118713407777249813e-03 4.233314830344170332e-04 2.630091970786452293e-03 6.797077367082238197e-05 -1.255849655717611313e-02
1.159344464540481567e-01 8.775947615504264832e-03 4.066659603267908096e-03 2.492425730451941490e-03 2.310937829315662384e-02 -3.173164092004299164e-03 5.660966038703918457e-03 -4.016337450593709946e-03 1.050540618598461151e-02 -5.486781522631645203e-02 -2.396535826846957207e-03 3.491327632218599319e-03 1.640157215297222137e-02 1.805821550078690052e-03 -1.536219269037246704e-01
-1.039335578680038452e-01 1.361173484474420547e-02 2.058198908343911171e-03 -6.724701263010501862e-03 1.864652521908283234e-02 4.680160200223326683e-04 1.958363689482212067e-03 -4.862483125180006027e-03 1.091934647411108017e-02 -8.147416263818740845e-02 3.345480945426970720e-04 7.014057482592761517e-04 1.600742340087890625e-02 3.860189754050225019e-04 -2.157249152660369873e-01
1.371637545526027679e-02 1.490292837843298912e-03 -7.623489364050328732e-04 -1.124845584854483604e-04 2.401312114670872688e-03 -1.233084243722259998e-03 -2.838693326339125633e-04 -1.863772049546241760e-03 1.722772023640573025e-03 8.776719123125076294e-02 -1.644366304390132427e-03 -3.819388221018016338e-04 1.805277075618505478e-03 -7.694993400946259499e-04 -2.346860943362116814e-03
1.465615630149841309e-02 1.374186598695814610e-03 -1.348541409242898226e-04 -1.007503014989197254e-03 2.259960630908608437e-03 -1.270057167857885361e-03 -1.579570816829800606e-03 -2.371138427406549454e-03 1.445421134121716022e-03 1.266143918037414551e-01 -1.724887872114777565e-03 -7.456770399585366249e-04 8.882601396180689335e-04 -5.576732801273465157e-04 -3.102410025894641876e-02
-4.737764131277799606e-03 1.411232864484190941e-03 5.168917050468735397e-05 -8.295278530567884445e-04 2.437886549159884453e-03 -5.478505627252161503e-04 -1.570487802382558584e-04 -1.131482305936515331e-03 1.257091644220054150e-03 5.965774133801460266e-02 -4.116106429137289524e-04 -7.474135054508224130e-05 1.900925417430698872e-03 -3.551416157279163599e-04 -2.388636767864227295e-02
-1.929417103528976440e-01 1.063413266092538834e-02 6.309504969976842403e-04 -9.635288733989000320e-04 1.682334765791893005e-02 -4.648730100598186255e-04 2.356560667976737022e-03 6.104939151555299759e-03 1.154391467571258545e-02 -8.416783809661865234e-02 5.292068235576152802e-03 4.808774683624505997e-03 1.827338337898254395e-02 -1.119335414841771126e-03 -9.191759675741195679e-02
-1.492861565202474594e-02 1.096911448985338211e-02 -1.668494543991982937e-03 -6.989166140556335449e-04 2.742129843682050705e-03 -8.781081065535545349e-03 -1.174126844853162766e-02 -1.240385789424180984e-02 1.509172562509775162e-02 8.618379235267639160e-01 -1.008066534996032715e-02 -3.229971043765544891e-03 1.071791350841522217e-02 3.450240707024931908e-03 2.011131867766380310e-02
-1.560609694570302963e-02 2.158110495656728745e-03 -1.300207804888486862e-03 -6.591019919142127037e-04 1.186051173135638237e-03 3.148859250359237194e-04 6.278346409089863300e-04 -4.964867839589715004e-04 2.715050010010600090e-03 1.505464687943458557e-02 2.202610630774870515e-04 1.122422399930655956e-03 2.909718547016382217e-03 -4.461099524633027613e-05 7.775394618511199951e-02
-9.225728921592235565e-03 1.368478988297283649e-03 -5.260455072857439518e-04 -1.501245860708877444e-04 1.490928349085152149e-03 -2.325508248759433627e-04 4.864257643930613995e-04 -5.250608664937317371e-04 1.412440906278789043e-03 1.870809681713581085e-02 -1.345658965874463320e-04 3.394160012248903513e-04 2.176709705963730812e-03 1.344451011391356587e-04 7.123431563377380371e-02
-4.881843051407486200e-05 1.639878959394991398e-03 1.207647364935837686e-04 4.688991612056270242e-05 3.227711189538240433e-03 1.124360205722041428e-04 8.725686348043382168e-04 -2.494962536729872227e-04 1.770373899489641190e-03 3.463196102529764175e-03 7.325094338739290833e-05 2.365171967539936304e-04 3.844624850898981094e-03 -6.377604586305096745e-05 8.035560138523578644e-03
1.781681776046752930e-01 1.335458271205425262e-02 2.699331613257527351e-03 4.309519659727811813e-03 3.713593259453773499e-02 -3.438419662415981293e-03 3.571730805560946465e-03 -1.380502618849277496e-02 7.719058077782392502e-03 -3.049248643219470978e-02 -9.821713902056217194e-03 2.036682097241282463e-03 2.019551210105419159e-02 -8.033838239498436451e-04 -8.516425639390945435e-02
-2.009661197662353516e-01 8.362271822988986969e-03 -7.364854216575622559e-03 4.533165774773806334e-04 -4.467789083719253540e-03 2.507538767531514168e-03 5.730417557060718536e-03 3.653066931292414665e-03 1.036361139267683029e-02 8.613300323486328125e-02 5.196129903197288513e-03 5.058426875621080399e-03 8.013248443603515625e-03 2.901732688769698143e-03 6.053828001022338867e-01
