-5.582330003380775452e-02 1.099198497831821442e-02 1.226412598043680191e-02 7.316135335713624954e-03 -2.780365571379661560e-02 2.793754450976848602e-02 3.961386904120445251e-02 1.159912161529064178e-02 1.061455346643924713e-02 1.520299073308706284e-02 3.060763515532016754e-02 2.707852236926555634e-02 1.346614491194486618e-02 1.537230424582958221e-02 3.320008108858019114e-04
2.567215450108051300e-02 -6.490168720483779907e-02 -4.403011873364448547e-02 2.891119383275508881e-02 -1.326346397399902344e-02 -1.296395808458328247e-02 -5.095862969756126404e-02 9.297087788581848145e-03 2.587775141000747681e-02 5.664470419287681580e-02 2.948699891567230225e-02 6.212836597114801407e-03 -4.800697416067123413e-02 6.474284455180168152e-03 2.974116243422031403e-03
-7.135006189346313477e-01 -5.959472432732582092e-02 4.935319349169731140e-02 -1.934303343296051025e-02 -4.384266212582588196e-02 -3.340963274240493774e-02 -5.569871142506599426e-02 -6.548731029033660889e-02 -2.418890036642551422e-02 -1.775150559842586517e-02 -5.049893632531166077e-02 -1.644189096987247467e-02 -3.832931071519851685e-02 -4.643559455871582031e-02 -1.365403272211551666e-02
8.741435408592224121e-01 2.828240394592285156e-01 1.391626745462417603e-01 -3.557890355587005615e-01 1.001684665679931641e-01 1.363002359867095947e-01 2.464008629322052002e-01 2.155490405857563019e-02 2.255265563726425171e-01 2.527230381965637207e-01 2.517844438552856445e-01 4.661882519721984863e-01 7.598967850208282471e-02 2.213494032621383667e-01 2.554314434528350830e-01
1.298351764678955078e+00 -2.178192697465419769e-02 2.044289000332355499e-02 7.893428206443786621e-02 -6.287084221839904785e-01 2.302447706460952759e-01 4.280050992965698242e-01 1.905276775360107422e-01 1.216284036636352539e-01 6.782284379005432129e-02 3.484888672828674316e-01 2.303389161825180054e-01 2.139849960803985596e-01 1.494526267051696777e-01 2.627932466566562653e-02
-1.297897547483444214e-01 -1.293514110147953033e-02 -6.757702678442001343e-02 -1.601178228156641126e-04 5.144958198070526123e-02 1.799706518650054932e-01 -5.973642319440841675e-02 -1.101792603731155396e-02 4.293922334909439087e-02 -2.468621730804443359e-02 -4.043845832347869873e-02 -1.982949301600456238e-02 -4.837907478213310242e-02 3.001054935157299042e-02 7.995131425559520721e-03
-7.112815380096435547e-01 -5.157019942998886108e-02 3.038574941456317902e-03 3.207333211321383715e-04 7.294151000678539276e-04 1.819289103150367737e-02 6.012491136789321899e-02 -1.328695192933082581e-02 1.361810602247714996e-02 -3.014295920729637146e-02 -1.272928714752197266e-01 -4.033135995268821716e-02 -3.400200605392456055e-02 4.097433760762214661e-03 1.858805678784847260e-02
-7.011082768440246582e-01 1.571937277913093567e-02 -2.514013648033142090e-02 -1.227211393415927887e-02 -3.422437934204936028e-03 -1.238289568573236465e-02 -5.291008204221725464e-02 7.431671768426895142e-02 -5.456403829157352448e-03 -4.895368590950965881e-02 -2.744104899466037750e-02 2.044190652668476105e-02 5.910005420446395874e-03 -2.075588144361972809e-02 2.599235996603965759e-02
9.239134192466735840e-01 3.481667041778564453e-01 3.025304079055786133e-01 1.712581515312194824e-01 2.015054970979690552e-01 3.645873665809631348e-01 5.192154645919799805e-01 2.262553274631500244e-01 -2.921213805675506592e-01 2.739129960536956787e-01 4.221621453762054443e-01 2.550240755081176758e-01 1.109875291585922241e-01 2.378857582807540894e-01 1.761541515588760376e-01
3.970001637935638428e-01 3.782109022140502930e-01 1.952440440654754639e-01 1.102481931447982788e-01 1.042467728257179260e-01 1.349933296442031860e-01 2.385857701301574707e-01 -9.887078776955604553e-03 7.455328106880187988e-02 -5.517823100090026855e-01 1.153183057904243469e-01 1.707487106323242188e-01 3.820493817329406738e-01 1.462872177362442017e-01 1.559861600399017334e-01
-1.117370054125785828e-01 1.885705813765525818e-02 -6.154217571020126343e-02 1.196773909032344818e-02 8.470514416694641113e-02 -6.142223998904228210e-02 -6.063333526253700256e-02 2.244593761861324310e-02 7.761245965957641602e-02 -1.390912290662527084e-02 2.504126867279410362e-03 -3.916471824049949646e-02 -5.709139630198478699e-02 1.488000713288784027e-02 -1.998480409383773804e-02
1.018585711717605591e-01 -2.006240375339984894e-02 1.326710078865289688e-02 4.122205451130867004e-02 2.855335362255573273e-02 4.986497107893228531e-03 -2.081564068794250488e-02 5.125343054533004761e-02 2.021554671227931976e-02 5.458033643662929535e-03 -5.296856164932250977e-02 -8.190207183361053467e-03 -3.351239860057830811e-02 4.900365322828292847e-02 -4.198231175541877747e-02
-4.923635721206665039e-02 -6.807180494070053101e-02 -3.448507189750671387e-02 1.494368771091103554e-03 5.205870047211647034e-02 -2.305840700864791870e-02 -5.282543972134590149e-02 1.803554035723209381e-02 2.177883125841617584e-02 4.794396087527275085e-02 -3.349602222442626953e-02 1.206842251121997833e-02 -5.495671555399894714e-02 1.045655366033315659e-02 2.722636330872774124e-03
8.188523650169372559e-01 9.907162934541702271e-02 2.063070796430110931e-02 2.048003375530242920e-01 1.755909919738769531e-01 -1.104616001248359680e-02 2.025111019611358643e-01 -1.989871412515640259e-01 1.602146923542022705e-01 1.788993179798126221e-01 1.682446748018264771e-01 3.498644232749938965e-01 1.306637376546859741e-01 -1.878174394369125366e-01 1.593244969844818115e-01
5.767996907234191895e-01 7.123462855815887451e-02 3.142478168010711670e-01 1.078474298119544983e-01 -5.186590179800987244e-02 1.317207068204879761e-01 3.451970815658569336e-01 5.048072934150695801e-01 2.223099768161773682e-01 1.043768376111984253e-01 -1.277648936957120895e-02 -7.658325135707855225e-02 1.137810666114091873e-02 1.688459068536758423e-01 -4.312668740749359131e-01
