-3.508115932345390320e-02 -1.486585140228271484e-01 -1.689512133598327637e-01 -1.901697665452957153e-01 -5.371372774243354797e-02 -1.609274744987487793e-01 -1.712821871042251587e-01 -1.527861654758453369e-01 -1.612982302904129028e-01 4.257784038782119751e-02
-1.275057047605514526e-01 -1.648731082677841187e-01 -1.901379525661468506e-01 -2.089371085166931152e-01 -8.225882053375244141e-02 -1.774247139692306519e-01 -1.921742707490921021e-01 -1.709454208612442017e-01 -1.816327720880508423e-01 4.104085266590118408e-02
1.405754536390304565e-01 -9.503611922264099121e-02 -1.099986210465431213e-01 -1.232355535030364990e-01 -4.233692958950996399e-02 -1.064266636967658997e-01 -1.096678376197814941e-01 -9.971833229064941406e-02 -1.040937602519989014e-01 2.685170061886310577e-02
3.040151000022888184e-01 -9.593507051467895508e-01 -1.080298662185668945e+00 -1.182974457740783691e+00 -8.182933926582336426e-01 -1.043254137039184570e+00 -1.078969120979309082e+00 -1.008617401123046875e+00 -1.021036028861999512e+00 1.652986109256744385e-01
-6.953623294830322266e-01 -6.180624663829803467e-02 -9.003489278256893158e-03 -4.733809083700180054e-02 8.567069768905639648e-01 -1.036276016384363174e-02 -3.768971934914588928e-02 -6.939867138862609863e-02 -2.447348646819591522e-02 1.008759438991546631e-01
-2.163539081811904907e-01 -1.534387767314910889e-01 -1.765111833810806274e-01 -1.922837644815444946e-01 -1.013881042599678040e-01 -1.697912961244583130e-01 -1.847408115863800049e-01 -1.637138575315475464e-01 -1.694993078708648682e-01 1.751711219549179077e-01
-2.699369750916957855e-02 -1.231784373521804810e-01 -1.400181949138641357e-01 -1.535779684782028198e-01 -8.574704080820083618e-02 -1.386911123991012573e-01 -1.460956633090972900e-01 -1.311894953250885010e-01 -1.315342634916305542e-01 1.155000627040863037e-01
9.587659500539302826e-03 -1.309593021869659424e-01 -1.506756246089935303e-01 -1.643678545951843262e-01 -1.004408374428749084e-01 -1.453819125890731812e-01 -1.573685705661773682e-01 -1.380977779626846313e-01 -1.434244215488433838e-01 1.202649697661399841e-01
-9.446687102317810059e-01 -9.471046328544616699e-01 -1.058168053627014160e+00 -1.164211034774780273e+00 -7.861797213554382324e-01 -1.016489148139953613e+00 -1.061275005340576172e+00 -9.851822257041931152e-01 -9.886361956596374512e-01 2.342232912778854370e-01
4.826431572437286377e-01 5.859687551856040955e-02 8.462499082088470459e-02 6.586947292089462280e-02 -2.275863080285489559e-04 7.841193675994873047e-02 8.224620670080184937e-02 8.025646209716796875e-02 2.929152362048625946e-02 6.214473247528076172e-01
