9.646400053180874679e-01 -9.815121303363731273e-04 -3.103102261760025925e-03 3.610319905407790575e-01 4.234913655812357416e-03 6.542148807515742008e-03 5.884454567406518372e-03 -1.809154631177728022e-03 9.749829465763951708e-01 5.659148649896296179e-01
-6.641052834752024167e-03 5.980707654614204616e-01 1.088834130129837874e+00 -2.430228496529221374e-03 -1.361526157971079416e-03 -3.706889990723736227e-03 -2.817092887031118036e-03 -3.121005915557287149e-03 3.472191770446548392e-02 1.675865864292176016e-02
-6.642517374523818768e-03 -6.363669578987351735e-03 6.561269071190477531e-01 -2.391658069421311213e-03 -1.726463034004789999e-03 -3.706639236682338079e-03 -2.816206896643977733e-03 6.385968214793348308e-01 1.453766544252006465e+00 -2.182304833333402645e-03
-6.517176081349888156e-03 -4.941831816849619891e-03 -3.522163483071908460e-03 1.336069701314960279e+00 -3.088394998518696820e-04 -2.617621126360041885e-03 -1.406527355391899367e-03 3.667983725558772445e-03 7.460986659289920581e-03 -2.100229641680605251e-03
-6.574475935756798201e-03 -6.073989031037168619e-03 -4.966766200105795712e-03 4.823112291081715214e-03 3.081005644521811818e-02 3.265399850634578827e-03 3.233128218098411250e-02 -3.518754374317943634e-03 5.073031195397047499e-01 8.947468925307662177e-03
1.347768902119739903e-02 1.566215508061065062e-02 2.249162332335249981e-01 1.244982308478678856e+00 1.847740362084251964e-02 4.747814037225221717e-02 8.713890349031093441e-02 -1.531364613172728206e-03 4.456726072246783299e-02 -1.236681739707019487e-03
6.037497470947754685e-01 1.073989904007270971e-03 -2.563197735734356383e-04 3.578804564703766400e-02 -1.201922015176124479e-03 4.926746865558695974e-03 6.669029563369607838e-02 -1.090176619441113413e-03 6.083401187702086078e-03 2.572052070910087716e-03
8.842447560509389404e-02 1.605439952256021777e-02 1.692031146613956483e-02 4.441889224669094000e-02 5.739793099401708197e-03 3.445219990809197941e-02 1.634253883032318194e-02 6.709695124177930126e-01 1.112449708765758660e-01 4.931860918189742149e-01
9.398093511797309119e-04 -2.357536716807646579e-03 -1.951027111062543420e-03 1.828265862296908975e-02 3.142571866578362794e-02 1.040214385275892023e-01 1.723586325549463514e-03 4.875257846462723726e-03 1.259921590492175225e+00 3.113786855887820670e-02
-6.092163798346431763e-03 7.209051566026060398e-03 -6.789837276244575781e-03 6.653814053264217772e-04 -1.739178824486841725e-03 2.243399119931807628e-01 1.580266026871057425e-02 -3.622416424662450000e-03 8.751180475255258655e-04 1.368012237690008792e+00
