-9.647872854882690290e-04 -9.691253998348125457e-04 -1.613617547716015427e-02 -9.770047347071098010e-03 -4.230407847173406344e-03 4.294972347434969917e-01 -9.958726393094186318e-04 -3.761016911748910800e-04 -9.793680285979405875e-03 -4.330869227767667785e-03 -9.629073340875493343e-04 5.493127722833498344e-03 -1.012122877516705849e-03 -6.597982452048744423e-03 -4.447802351861316825e-03
-6.986751338155818697e-03 -1.307560621523515092e-03 -9.666441732863400400e-04 -9.770045411655332857e-03 -4.230416681192441727e-03 -9.843244307485355445e-04 -9.685785582774235260e-04 -9.952735508139847788e-04 -9.795496003369465188e-03 -4.330870130056341250e-03 -1.045183074876667459e-03 -1.062297030228586802e-03 -1.012142182157616845e-03 -9.725677266462343790e-03 -4.073593632802588460e-03
-9.684706861620344474e-04 -9.919854604960062598e-04 -9.666436810624476437e-04 -4.681739164005478335e-03 -4.230398956490410110e-03 3.276679991079922000e-02 2.202000913452882569e-01 -9.978959634003811176e-04 -9.793138653711654096e-03 -5.796333236593171137e-03 -9.630125593108001094e-04 -1.001218678185451056e-03 -1.013025426103200764e-03 -7.045256348637453717e-03 -4.448522794831199015e-03
5.888693477806869123e-03 9.801201491202303495e-02 1.547569639673580522e-01 -7.825567870001458315e-03 1.950666829991290485e-02 -8.471689804865555843e-04 2.406599923706735644e-01 1.706960244190739995e-01 6.036165642283333743e-03 2.640849519691420774e-02 9.596015521883750898e-02 2.641399606210761281e-02 2.686042578492205818e-02 -8.043765457401017699e-03 -4.438003727143728303e-03
1.927120685502800690e+00 1.727512343726931077e+00 5.165239571801204521e-01 -9.770045009744883491e-03 1.002610821135344832e+00 -9.843171487733531899e-04 2.453116903424098008e-02 -9.631353381783676337e-04 -9.793677159499192264e-03 3.618809517949416604e-04 2.288499963984567953e-02 -8.942915008902210848e-04 -1.012124761766177144e-03 -9.725654227183057332e-03 1.520713230561476521e-03
-9.360533643952432051e-04 -9.690623569545612050e-04 -1.063510707342120790e-03 -9.770044641425121648e-03 -4.230393574449071471e-03 -4.369230580144909531e-03 -9.684005277367630470e-04 -1.729411758086284428e-03 -9.793681477170397207e-03 -4.331583190351330145e-03 -9.629360893687029330e-04 -2.335192589691819504e-03 9.211752443812210034e-02 -9.753081285806181056e-03 -4.448040755901435522e-03
-9.686973604272348503e-04 1.398625562273343004e+00 -8.275230994526248853e-04 -1.033979258093541131e-02 -4.230410540267333895e-03 -9.843759016439209905e-04 -9.685460270221107112e-04 -9.979432022561177205e-04 -9.793677757917406551e-03 -4.314552763951394476e-03 -9.630075439775935379e-04 -1.001287867074540650e-03 -1.012016589110811045e-03 -9.725672315877377516e-03 -4.448615094407821352e-03
-9.850970897078083384e-04 -9.922482187067970319e-03 -9.676604083655072778e-04 -9.770649519961604329e-03 -4.229846407465071012e-03 -2.152232124214372710e+00 7.677963694950120654e-01 -9.880512815590620796e-04 -9.848213163791946778e-03 -4.331183328225165531e-03 -9.630210187070800416e-04 -1.001093457648085001e-03 -1.012124252576198334e-03 -9.725736737357972006e-03 -4.448845461795926035e-03
-9.619296956247085908e-04 -7.599618098903283825e-04 3.967237572625731401e-02 -6.838020266423109478e-03 -4.204478032931487606e-03 9.100646528447317585e-02 1.625787658359438836e-01 4.187767894157388288e-02 -7.292234228073949352e-03 1.402585982569331743e-02 3.683831091271894120e-02 1.345086383150212450e-01 5.582784996052404802e-02 -8.143589813036450353e-03 -4.102412670795132707e-03
-9.683829506270976014e-04 -9.690746489501275750e-04 6.971005560964295585e-03 -9.770044862473865194e-03 -4.230408555233612297e-03 1.826732311074533710e+00 2.017016422193536940e+00 4.739590165504253827e-01 -9.793675119760583345e-03 9.645854740795114513e-01 -9.629999251868799886e-04 -1.001093862341134906e-03 8.166196136036486461e-03 -9.725673417062062620e-03 7.132099441576372940e-03
-9.684786198738627901e-04 -8.967370820525997306e-04 -1.223183327793568847e-03 -9.770060523455189466e-03 -4.771194118259665384e-03 1.047261644240059068e-02 -9.518863905823725293e-04 -4.320438097507686183e-03 -9.938599200272100337e-03 -4.331007523751102817e-03 6.829870352014336121e-03 -6.272443805592287699e-04 -1.012124956567009727e-03 -9.726127480202458736e-03 -1.133470428167647308e-03
-9.654685824705200922e-04 -9.686586190328780798e-04 -9.669277471063237673e-04 -9.770045947489928301e-03 -4.230566676187132169e-03 5.080694656892212682e-03 -3.072775566770502304e-03 -9.979533398307741891e-04 -1.672680223260386012e-01 -4.330949190312583137e-03 -7.987449670799418380e-04 -1.001093711119706514e-03 8.602016237241653929e-02 -9.725674532846012230e-03 -4.448556281382104460e-03
-9.692473907749869257e-04 -9.690749124375465243e-04 -9.551502934937066477e-04 -4.418669330894025790e-04 -4.230287638069352672e-03 -9.843183747255592614e-04 -9.682655866220806103e-04 -9.992362098961422683e-04 -9.352040663969439158e-03 -4.330870408446950426e-03 -9.630165111770174055e-04 -1.012179305984738835e-03 -1.011667525629625711e-03 -9.445112409569444631e-03 -4.448601114053032587e-03
9.070241452524380188e-02 2.475192274351032673e-01 3.080187250496586038e-01 3.283777431981208493e-03 3.205636188918697255e-02 -6.989962243967330884e-04 1.036551127000051586e-01 1.364201515170137824e-01 -9.199945656945571898e-03 3.079969376752092133e-02 8.115937609855372603e-02 2.515221455726140976e-02 1.471254249541978538e-02 -7.306488803418985725e-03 1.563174306913687681e-02
-9.682985207850060803e-04 -9.609273500140854069e-04 1.103292694075470870e-02 -9.770037694867193812e-03 -4.190797094111948715e-03 5.592156333949568209e-02 -9.658272402480465486e-04 -9.893511150533256665e-04 -9.793676984472577535e-03 -4.270401021035603872e-03 2.010290110362752181e+00 1.947388935506435104e+00 4.908367388885511162e-01 -9.725673263928870729e-03 9.745942672553827846e-01
