5.130517247826172554e-05 5.808473200099929958e-05 2.882788286305753973e-05 7.424908237739003859e-04 4.399964885663224965e-04 4.876212645294702270e-05 1.955593036077651518e-05 4.759265656066628884e-05 8.089560947824807986e-04 2.509529891900909282e-04
5.297384014234181359e-05 1.906366306129997148e-05 2.474916950996497675e-05 7.947919957523396197e-04 3.457271958711360883e-04 5.367087048414042347e-05 3.860349469889063294e-05 4.838714204475795056e-05 9.993559184924083807e-04 4.470449982823128366e-04
6.250384053010614991e-05 4.250705487629546139e-05 2.914380419073791956e-05 9.432595176670880181e-04 5.090896689876540145e-04 4.021056659037316647e-05 2.677235310092700409e-05 2.686382917009698688e-05 7.030963798455243429e-04 4.053114838227004865e-04
5.328826523189134529e-08 3.462317447395719129e-07 5.297655175150348387e-08 6.911533927221009260e-03 3.367776774577753342e-03 0.000000000000000000e+00 7.394087648221897037e-05 4.823086403831819547e-07 6.398002156423450437e-03 3.462573483519461488e-03
2.154000479696201696e-03 1.749031412534868529e-03 1.261622614167110402e-03 4.301905341861518225e-03 2.076215444220749079e-02 4.023097355117990320e-06 4.779263021811324297e-06 4.782559147433302134e-06 5.007078955202439591e-03 3.217062628001483848e-03
4.227144597393106589e-05 5.053792324595773991e-05 5.891984818405236937e-06 8.933866367033939208e-04 3.788462983626730667e-04 7.733892743376044230e-05 7.203158083065707828e-05 2.482111047645125482e-05 8.694591642904817702e-04 5.454820804706507790e-04
5.974120273696147858e-05 2.932548536743024935e-05 2.418696227062012762e-06 7.331819539843504588e-04 4.206290071099779717e-04 3.810933055529106288e-05 2.690204501190459138e-05 4.848927727675305402e-05 9.769085257365129910e-04 4.058430462983281511e-04
5.373097401076407429e-05 6.314474570755723108e-05 2.817069611098179418e-05 8.189150145693736230e-04 5.954791066698846176e-04 5.745114606503643183e-05 3.003300440709496071e-05 5.017228430717481471e-05 6.296603352182354252e-04 4.567600170775187179e-04
9.104266044449609621e-06 2.101548856551411788e-04 1.079709236377584240e-04 6.959506132125186512e-03 3.162764884116403118e-03 6.264895123634189292e-05 4.789288142301604514e-07 6.986530747132475047e-05 6.770662900481919273e-03 3.625669013970406630e-03
5.092553360993376910e-06 4.052855611720214966e-06 3.365295664508069989e-06 4.454678405869424117e-03 3.228679279092739728e-03 2.012444116432799985e-03 1.987602770522826304e-03 1.233982524287322328e-03 4.498722951467579341e-03 2.185232381591277126e-02
