-2.070496603846549988e-02 7.295900140888988972e-04 2.907349728047847748e-03 -2.490532060619443655e-04 1.653469516895711422e-03 4.440515476744621992e-04 1.253722351975739002e-03 1.813309150747954845e-03 8.892295882105827332e-04 -3.046991117298603058e-02 8.544797310605645180e-04 5.346030811779201031e-04 1.202805782668292522e-03 5.348965642042458057e-04 -1.769759878516197205e-02
-1.443007495254278183e-02 1.397534157149493694e-03 3.984890878200531006e-03 -3.900310912285931408e-05 2.296273363754153252e-03 6.450295913964509964e-04 1.380818081088364124e-03 2.417863346636295319e-03 1.734790625050663948e-03 -4.939719289541244507e-02 9.921471355482935905e-04 6.556217558681964874e-04 2.500511705875396729e-03 1.679829903878271580e-03 -2.638969942927360535e-02
-2.290185913443565369e-02 7.958394708111882210e-04 2.902024192735552788e-03 1.086699077859520912e-03 1.863114885054528713e-03 5.924241850152611732e-04 1.419896958395838737e-03 2.215513028204441071e-03 1.235120114870369434e-03 -3.088258020579814911e-02 1.131758792325854301e-03 9.573617717251181602e-04 2.299205632880330086e-03 1.458465936593711376e-03 -3.896164521574974060e-02
-1.716450601816177368e-02 5.151274148374795914e-03 2.035460807383060455e-02 8.251836523413658142e-03 1.302400510758161545e-02 3.389291523490101099e-04 3.049991559237241745e-03 7.765948306769132614e-03 6.301335524767637253e-03 -1.476824879646301270e-01 1.908206468215212226e-04 3.694767598062753677e-03 1.555595267564058304e-02 1.006033550947904587e-02 -1.873432993888854980e-01
-6.278995424509048462e-02 8.665218949317932129e-03 1.762546040117740631e-02 6.293436512351036072e-03 1.043237652629613876e-02 6.009841803461313248e-03 8.856523782014846802e-03 1.208255439996719360e-02 8.906522765755653381e-03 -1.178022846579551697e-01 6.489244289696216583e-03 6.590256467461585999e-03 1.307052746415138245e-02 7.177340798079967499e-03 -1.439302712678909302e-01
-3.477896004915237427e-02 -4.871803685091435909e-04 5.882432451471686363e-04 -1.072198268957436085e-03 3.290196182206273079e-04 -1.001545460894703865e-03 -1.348516525467857718e-04 -2.863654808606952429e-04 -2.731057757046073675e-04 2.039095386862754822e-02 -8.042791741900146008e-04 -9.324144921265542507e-04 -1.254779490409418941e-04 -4.920098581351339817e-04 5.781210958957672119e-03
-2.552192285656929016e-02 -3.555400762706995010e-04 1.427764073014259338e-03 -1.028573955409228802e-03 2.148961357306689024e-04 -2.940717095043510199e-04 -7.527630077674984932e-05 2.083752042381092906e-04 -3.238478893763385713e-05 3.663359209895133972e-02 -8.067183662205934525e-04 -3.278023505117744207e-04 3.165681555401533842e-04 1.730829389998689294e-04 -2.254459261894226074e-02
-2.688395790755748749e-02 2.275488368468359113e-04 2.228106837719678879e-03 -3.435376129345968366e-05 7.227130699902772903e-04 5.064757424406707287e-04 1.436618156731128693e-03 1.708504976704716682e-03 4.305074689909815788e-04 -2.018503844738006592e-03 7.053792360238730907e-04 2.668468514457345009e-04 1.084279967471957207e-03 3.504616033751517534e-04 -2.417827211320400238e-02
-3.478049486875534058e-02 9.682739153504371643e-03 1.931843534111976624e-02 1.215437520295381546e-02 1.166627462953329086e-02 2.930864226073026657e-03 6.199302617460489273e-03 1.658576168119907379e-02 9.809099137783050537e-03 -1.193647235631942749e-01 4.363707732409238815e-03 5.694580730050802231e-03 1.718459837138652802e-02 6.883525755256414413e-03 -2.790259122848510742e-01
-8.085548132658004761e-02 -1.102903299033641815e-02 6.330564618110656738e-03 -3.786585060879588127e-03 5.701819900423288345e-03 -1.053968630731105804e-02 -2.610892802476882935e-02 9.862408041954040527e-04 2.276117680594325066e-03 7.463564276695251465e-01 -2.900156890973448753e-03 -8.438075892627239227e-03 -7.173646736191585660e-05 2.301039546728134155e-02 4.203923977911472321e-03
-1.251579448580741882e-02 -2.282553177792578936e-04 1.097239786759018898e-03 -2.295918995514512062e-03 7.607536390423774719e-04 -1.035092747770249844e-03 -4.188505990896373987e-04 1.319758011959493160e-04 3.453938115853816271e-04 -1.767035387456417084e-02 -2.917301026172935963e-04 -4.540478403214365244e-04 -4.060268402099609375e-04 -2.574472746346145868e-04 3.465205803513526917e-02
-1.443855836987495422e-02 -2.287787210661917925e-04 1.349006779491901398e-03 -1.927112578414380550e-03 7.778523722663521767e-04 -1.196519704535603523e-03 -5.869989399798214436e-04 6.984211358940228820e-05 2.767434052657335997e-04 -1.399413123726844788e-02 -6.420479621738195419e-04 -5.829182337038218975e-04 2.133553498424589634e-04 2.345498796785250306e-04 1.827020011842250824e-02
-1.688092760741710663e-02 4.872607532888650894e-04 2.654177835211157799e-03 -4.521268128883093596e-04 1.691676210612058640e-03 -1.093490864150226116e-04 6.760889082215726376e-04 9.458113345317542553e-04 8.646529167890548706e-04 -2.822678722441196442e-02 3.186999238096177578e-04 7.061156793497502804e-05 1.919292029924690723e-03 6.287015858106315136e-04 -3.485607355833053589e-02
-9.502748958766460419e-03 4.047979600727558136e-03 1.594555936753749847e-02 7.535270415246486664e-03 8.762240409851074219e-03 1.007218146696686745e-03 1.850078464485704899e-03 4.662672523409128189e-03 1.806309446692466736e-03 -1.599722206592559814e-01 -4.092651943210512400e-04 2.860800363123416901e-03 1.294424384832382202e-02 6.545070093125104904e-03 -1.392685920000076294e-01
1.047063735313713551e-03 -8.960830979049205780e-03 -2.965204231441020966e-02 -5.004832148551940918e-02 -6.403050851076841354e-03 -1.476221531629562378e-02 -4.316304810345172882e-03 -2.588698081672191620e-02 -2.981396624818444252e-03 -5.138546228408813477e-02 -6.605378352105617523e-03 -1.077256072312593460e-02 -4.093961045145988464e-02 -2.191781252622604370e-02 8.927479982376098633e-01
