3.862304118631714744e-01 -4.681634349964630681e-03 1.486423578330740236e+00 1.083376619566343013e+00 -1.031111348747042050e-01 -2.157002627180427956e-02 5.522914223255571686e-01 -4.728185501416955899e-03 -1.194771081651295995e-02 -1.555111621488783173e-02
-2.844496963941359896e-02 6.144819023823703263e-01 -1.855131590417457501e-06 3.357190311512976422e-01 2.992321981647559359e-01 -2.157003995864692492e-02 -2.348941070239051604e-02 -6.378757309902333486e-03 -1.194776739230788212e-02 -1.555599043690168368e-02
-2.844496918597361895e-02 -2.267113296449914384e-02 -1.855110334842242592e-06 -2.191026987955110861e-02 -2.034709246225395105e-03 -2.157004023618530955e-02 -2.348939657980766982e-02 -6.378757275397140512e-03 -1.194776375378916664e-02 -1.555112725603020017e-02
-2.844497161448162476e-02 -2.232917265379589025e-02 -2.714823375080075828e-03 9.308578484127592034e-01 -1.991681325550592047e-03 5.939142284883102141e-01 -2.348939984350207830e-02 -6.378760870114213999e-03 -1.194723897124253843e-02 -1.555538024744588729e-02
-2.844496887446358591e-02 -2.267113176081664988e-02 -1.617433323472480255e-01 -2.191024769334196792e-02 -2.053975814507477942e-03 -2.157004018314399862e-02 -2.348939385627675167e-02 -6.377127325059428822e-03 -1.194776376637056610e-02 -1.554372250109917371e-02
-8.167905835187557612e-03 5.094415109352989912e-01 1.205239033586974706e+00 2.208216248816543825e-01 -1.477556170281999533e-03 5.895571974784515890e-01 1.981345536886780778e-01 8.949665755536295730e-03 2.898651346020017158e-02 -2.416515180871624258e-05
1.138245056992309934e+00 -2.267113427759932104e-02 2.738245149271766543e+00 1.634564960280960044e-01 -7.967929357674806423e-02 -1.290234541495718402e-02 -2.451576478469157799e-02 -6.367128218555992425e-03 -1.194755123667092314e-02 5.220441911860557865e-02
-2.844496763671311781e-02 -2.267112229222085704e-02 4.039386785541174696e-01 -2.191028186576354092e-02 6.150424641157313521e-02 -2.157004025265727917e-02 -2.348939624210831523e-02 7.727062423867341323e-01 -1.194653086025728936e-02 -1.555098092838069768e-02
-2.844496985310004944e-02 -2.267101692844900734e-02 1.105519277246499010e+00 -2.190962889081355877e-02 -2.034653562515617402e-03 -2.157004014727753952e-02 -2.348939695133959310e-02 -6.378788979847454729e-03 -1.205468074754467711e-02 8.904558042114988359e-01
-3.221723939188961966e-03 1.699194479640050992e-02 1.154801679499803724e+00 -7.335403870911399310e-03 1.925391498427726431e-02 5.844667711808591015e-01 1.433696057919736644e-03 1.358999685238879845e-02 -4.211998650026967800e-03 1.325370254678514270e-01
