-8.578141219913959503e-03 1.681115478277206421e-03 2.517360029742121696e-03 -2.156112715601921082e-02 5.979022756218910217e-02 1.036141882650554180e-03 1.809467910788953304e-03 -8.979068952612578869e-04 -2.239125780761241913e-02 4.486128687858581543e-02
-4.641469102352857590e-03 8.016914362087845802e-04 3.516410477459430695e-03 -1.701016910374164581e-02 4.326133057475090027e-02 1.122738583944737911e-03 2.096864394843578339e-03 -2.968917251564562321e-04 -2.090102620422840118e-02 2.864241041243076324e-02
-1.440395833924412727e-03 2.124187303707003593e-03 2.028299961239099503e-03 -2.047996595501899719e-02 2.794892340898513794e-02 1.914236636366695166e-04 3.618710616137832403e-04 6.858570850454270840e-04 -1.297623850405216217e-02 3.260288760066032410e-02
-7.074895501136779785e-02 -5.233885720372200012e-03 -9.306651540100574493e-03 2.544777095317840576e-01 1.934926658868789673e-01 4.482146725058555603e-02 5.230730399489402771e-02 -2.664743550121784210e-02 -9.664829820394515991e-02 -3.026739954948425293e-01
-1.914985030889511108e-01 -9.938066825270652771e-03 4.897943511605262756e-02 -1.935644000768661499e-01 7.105729579925537109e-01 -1.941484631970524788e-03 -3.001670539379119873e-02 -3.049361519515514374e-02 -2.035636603832244873e-01 4.042066931724548340e-01
-1.079385541379451752e-02 -9.921940509229898453e-04 1.735840458422899246e-03 -1.951902359724044800e-02 4.096972197294235229e-02 9.851081995293498039e-04 1.082063419744372368e-03 7.021779310889542103e-04 -1.633045636117458344e-02 4.284026473760604858e-02
-9.299634024500846863e-03 -4.968466819263994694e-04 3.051831852644681931e-03 -2.014298178255558014e-02 5.497555434703826904e-02 9.659296483732759953e-05 1.144762500189244747e-03 7.772788521833717823e-04 -1.865858398377895355e-02 4.099714383482933044e-02
-5.653904750943183899e-03 -4.150057793594896793e-05 2.072943374514579773e-03 -1.574920117855072021e-02 1.904562860727310181e-02 1.040527364239096642e-03 -1.020489609800279140e-03 1.210769522003829479e-03 -7.689659018069505692e-03 2.855474129319190979e-02
-7.330878078937530518e-02 -9.509199298918247223e-03 7.243985310196876526e-03 1.065868977457284927e-02 -9.802063554525375366e-02 7.888060994446277618e-03 1.852620579302310944e-02 3.877149149775505066e-02 4.721394553780555725e-02 -2.859195508062839508e-02
-7.208506762981414795e-02 -1.847353298217058182e-03 8.615170605480670929e-03 -2.633993029594421387e-01 1.034947633743286133e-01 -3.786510322242975235e-03 1.467720139771699905e-02 7.480765879154205322e-02 -2.517928741872310638e-02 6.729879975318908691e-01
