-1.267678439617156982e-01 -3.105045855045318604e-02 -9.082024693489074707e-01 7.598067075014114380e-02 2.892239391803741455e-02 4.647861123085021973e-01 7.606986910104751587e-02 1.807180233299732208e-02 9.343307465314865112e-02 5.271087959408760071e-02
-4.682137444615364075e-02 3.561013042926788330e-01 -2.391781508922576904e-01 -3.107909299433231354e-02 2.609245181083679199e-01 1.330730468034744263e-01 8.880050480365753174e-02 2.063264138996601105e-02 -1.428305637091398239e-02 3.267857432365417480e-02
-6.465855985879898071e-03 1.148901792475953698e-04 -2.267758175730705261e-02 5.432947073131799698e-04 1.099737128242850304e-04 6.172979919938370585e-05 1.701592118479311466e-04 -3.375104643055237830e-05 4.443206998985260725e-04 2.367096312809735537e-04
5.381162744015455246e-03 -4.205029830336570740e-02 -5.629388093948364258e-01 3.107911050319671631e-01 1.456744852475821972e-03 3.872324824333190918e-01 5.856543034315109253e-02 3.302706778049468994e-02 8.965734392404556274e-02 3.369184955954551697e-02
-1.647656597197055817e-02 -1.046218816190958023e-02 -2.637675032019615173e-02 5.226226639933884144e-04 9.705843776464462280e-02 9.740731678903102875e-03 2.646262524649500847e-03 1.791254803538322449e-02 -1.382566057145595551e-03 1.260419096797704697e-02
8.444121340289711952e-04 -1.080748215317726135e-01 -5.937867760658264160e-01 -5.225570127367973328e-02 -3.037560358643531799e-02 6.394333839416503906e-01 -1.608439907431602478e-02 8.902099728584289551e-02 4.196906089782714844e-02 -2.330719307065010071e-02
-2.118636667728424072e-02 3.548455191776156425e-03 -1.889220595359802246e+00 7.654979825019836426e-02 3.263989696279168129e-03 3.473102152347564697e-01 1.404308527708053589e-01 5.271105095744132996e-02 7.741294801235198975e-02 6.216325983405113220e-02
-2.141751348972320557e-02 -3.592788055539131165e-02 -4.996596872806549072e-01 -3.232462098821997643e-03 2.715080976486206055e-03 5.676010251045227051e-02 1.424182089976966381e-03 9.327899664640426636e-02 2.629306400194764137e-03 2.072901278734207153e-02
-1.376470178365707397e-01 -1.194906514137983322e-02 -3.235069990158081055e+00 2.881036140024662018e-02 7.718619890511035919e-03 7.463366538286209106e-02 -2.250432968139648438e-02 7.563432678580284119e-03 2.064113169908523560e-01 3.352267667651176453e-02
-3.937216699123382568e-01 -8.184953778982162476e-02 -7.875701785087585449e-01 -4.213970154523849487e-03 5.205696821212768555e-02 5.617182329297065735e-02 -2.416020026430487633e-03 5.597727373242378235e-02 9.472841396927833557e-03 2.326325029134750366e-01
