2.673915326595306396e-01 2.357478812336921692e-02 4.633139073848724365e-02 1.816028612665832043e-03 -1.049102866090834141e-03 2.084379084408283234e-02 2.055101841688156128e-02 -2.613684860989451408e-03 1.433224696666002274e-02 1.680148020386695862e-02
1.694505065679550171e-01 5.918625742197036743e-02 6.076223030686378479e-02 3.329481463879346848e-03 1.897688955068588257e-03 6.533002946525812149e-03 1.321388129144906998e-02 6.645474117249250412e-03 1.332548679783940315e-03 5.406912881880998611e-03
2.278030216693878174e-01 2.770267426967620850e-02 7.544889301061630249e-02 7.040001917630434036e-03 -3.673200728371739388e-03 1.212385017424821854e-02 1.633522473275661469e-02 9.473020909354090691e-04 1.109113078564405441e-02 8.201955351978540421e-04
4.178753495216369629e-02 1.320815877988934517e-03 5.463860463351011276e-03 3.420292166993021965e-03 -1.284376019611954689e-03 6.347524933516979218e-03 3.818897064775228500e-03 2.997945295646786690e-03 5.065342411398887634e-03 4.217055626213550568e-03
2.408164925873279572e-02 2.372457413002848625e-03 2.237630542367696762e-03 -3.927773213945329189e-04 -9.542615734972059727e-04 3.752740100026130676e-03 5.847196443937718868e-04 4.059023689478635788e-03 4.294345621019601822e-03 5.004300735890865326e-03
3.844543546438217163e-02 -9.364708676002919674e-04 6.681242492049932480e-03 9.368596598505973816e-03 4.560733214020729065e-03 1.757117547094821930e-02 5.929428618401288986e-03 2.966952277347445488e-03 5.402868147939443588e-03 5.627323407679796219e-03
5.727018043398857117e-02 1.382260769605636597e-02 1.422204822301864624e-02 5.057824309915304184e-03 4.431333392858505249e-03 6.921150721609592438e-03 4.880017600953578949e-03 2.779057715088129044e-03 3.651131875813007355e-03 7.320189848542213440e-03
7.743204385042190552e-02 1.321189850568771362e-02 2.230451256036758423e-02 5.901132710278034210e-03 1.796139869838953018e-03 1.062721759080886841e-02 4.737551789730787277e-03 2.630098722875118256e-03 4.160418640822172165e-03 -1.814806892070919275e-04
9.884941577911376953e-02 1.237829402089118958e-02 1.848177798092365265e-02 6.526552140712738037e-03 6.840698188170790672e-04 8.740555495023727417e-03 8.610017597675323486e-03 3.867085790261626244e-03 4.821536596864461899e-03 6.549919489771127701e-03
5.823509767651557922e-02 6.989148911088705063e-03 1.015699468553066254e-02 2.778067486360669136e-03 2.246768854092806578e-04 9.032668545842170715e-03 4.900478292256593704e-03 4.085594322532415390e-03 2.481636358425021172e-03 9.236795827746391296e-03
