4.174896776676177979e-01 -5.567017570137977600e-02 -5.115214362740516663e-02 6.037085130810737610e-02 -2.010599710047245026e-02 -2.618420682847499847e-02 1.497481018304824829e-02 -2.965622767806053162e-02 3.244798183441162109e-01 1.578684598207473755e-01
-4.480308666825294495e-02 3.075317442417144775e-01 3.287238478660583496e-01 2.847111085429787636e-03 -1.734196580946445465e-02 -2.257667295634746552e-02 -4.366072360426187515e-03 1.771781779825687408e-02 2.227112464606761932e-02 4.811777733266353607e-03
-2.917956933379173279e-02 -4.629811272025108337e-02 3.266952931880950928e-01 -1.825387217104434967e-02 -7.511553168296813965e-02 -4.017885774374008179e-02 -3.460290655493736267e-02 1.588718146085739136e-01 4.601302742958068848e-01 -3.041931986808776855e-02
-7.685514632612466812e-03 -7.872906513512134552e-03 -1.764322817325592041e-02 5.164905190467834473e-01 -4.126025305595248938e-04 1.613966934382915497e-02 -4.465661011636257172e-03 -9.807814843952655792e-03 9.530629962682723999e-03 -6.622627377510070801e-03
1.801608130335807800e-02 4.879088664893060923e-04 6.773426663130521774e-03 8.323767222464084625e-03 7.186144939623773098e-04 -6.788766477257013321e-03 -6.338561885058879852e-03 4.077051766216754913e-03 1.670458465814590454e-01 2.015358069911599159e-03
-9.260055609047412872e-03 -7.642672862857580185e-03 8.714976502233184874e-06 5.674261450767517090e-01 -1.598775945603847504e-02 4.586954787373542786e-02 4.225339274853467941e-03 7.496204692870378494e-03 -4.525708034634590149e-02 -3.854480013251304626e-02
2.312305867671966553e-01 -8.832774125039577484e-03 -1.843246258795261383e-02 6.575773004442453384e-03 -2.025715634226799011e-02 -6.271842401474714279e-03 3.005173988640308380e-02 7.991714403033256531e-03 8.601852459833025932e-04 3.056355565786361694e-02
1.103248149156570435e-01 -7.369769271463155746e-03 -4.254142753779888153e-03 -1.830557361245155334e-02 -2.721870131790637970e-02 -3.403189592063426971e-03 1.317409984767436981e-02 4.471662640571594238e-02 1.859927363693714142e-02 7.179717719554901123e-02
2.758332155644893646e-02 -2.459295466542243958e-02 1.566001214087009430e-02 3.298920765519142151e-02 -3.950910642743110657e-03 -1.223595626652240753e-02 -1.961673237383365631e-02 1.565098017454147339e-02 4.396402239799499512e-01 -2.718571573495864868e-03
-4.770647734403610229e-03 -1.557964924722909927e-02 -1.643037796020507812e-02 2.786454930901527405e-02 -1.401780173182487488e-02 2.589671872556209564e-02 -9.859986603260040283e-03 2.803424285957589746e-05 -1.603058911859989166e-02 5.896509885787963867e-01
