7.717852592468261719e-01 -8.588956296443939209e-02 5.882945377379655838e-03 -1.942518539726734161e-02 -8.059656829573214054e-04 -3.658987581729888916e-02 -8.741419017314910889e-02 -4.912680014967918396e-03 -3.945689275860786438e-02 3.644944727420806885e-02 -2.760384231805801392e-02 -7.773796468973159790e-02 -1.364129930734634399e-01 -7.926174439489841461e-03 -1.819750480353832245e-02
-2.316890358924865723e-01 -1.097119897603988647e-01 -5.724362283945083618e-02 -1.096563227474689484e-02 -2.568842843174934387e-02 -1.694472320377826691e-02 -1.199932694435119629e-01 -4.615582153201103210e-02 -4.658359661698341370e-02 5.278170108795166016e-02 -6.029582023620605469e-02 -8.283448219299316406e-02 -9.751280769705772400e-03 -8.465489372611045837e-03 -8.970969170331954956e-02
2.002609819173812866e-01 -1.031960770487785339e-01 7.390485703945159912e-02 2.108968794345855713e-02 -2.484484110027551651e-03 -2.021744102239608765e-02 -1.132965832948684692e-01 -4.110669717192649841e-02 -3.579952940344810486e-02 3.876244649291038513e-02 -5.947652086615562439e-02 -1.124289706349372864e-01 -6.981822103261947632e-02 1.063806586898863316e-03 -1.222892571240663528e-02
-5.862757563591003418e-01 -4.707432091236114502e-01 -5.609922409057617188e-01 8.996344208717346191e-01 -9.966332465410232544e-02 -2.083214670419692993e-01 -4.029609262943267822e-01 -2.639815807342529297e-01 -2.517877817153930664e-01 -8.028440922498703003e-02 7.133867591619491577e-02 -7.009308934211730957e-01 -2.725753933191299438e-02 -7.135337591171264648e-02 -4.484363794326782227e-01
2.667267799377441406e+00 -8.655557632446289062e-01 -5.504947304725646973e-01 1.900745928287506104e-01 -3.768537044525146484e-01 3.463844954967498779e-01 -5.510621070861816406e-01 -6.331361532211303711e-01 -3.224250674247741699e-01 6.993638724088668823e-02 -5.387057662010192871e-01 -8.231018185615539551e-01 -7.650741934776306152e-01 -3.949409350752830505e-02 -3.485731184482574463e-01
-4.944224283099174500e-02 -3.077810630202293396e-02 4.474855028092861176e-03 -7.658919785171747208e-04 1.817838102579116821e-02 1.244800239801406860e-01 -1.485867332667112350e-02 2.233005315065383911e-02 -4.667886067181825638e-03 1.586471498012542725e-02 1.816311292350292206e-02 -2.577640488743782043e-02 -5.322755314409732819e-03 -9.081643074750900269e-03 2.581462962552905083e-03
-3.038043677806854248e-01 -4.093089699745178223e-02 -4.163622111082077026e-02 -1.311308797448873520e-02 6.283400114625692368e-03 3.250938653945922852e-02 4.835043475031852722e-02 -2.324811741709709167e-02 -2.337315119802951813e-02 -9.622469544410705566e-03 3.464676812291145325e-02 -8.462186902761459351e-02 -2.996950037777423859e-02 -1.523597259074449539e-02 -3.606465831398963928e-02
7.422263920307159424e-02 -3.176771104335784912e-02 -2.579488232731819153e-02 3.981139976531267166e-03 -1.049053575843572617e-02 9.944699704647064209e-03 -6.522432714700698853e-02 1.273176819086074829e-01 -2.011328376829624176e-02 7.905043661594390869e-03 1.242665294557809830e-02 -8.017248660326004028e-02 -2.089205384254455566e-02 -1.130742207169532776e-02 -3.059868328273296356e-02
-4.330626130104064941e-01 -1.394921183586120605e+00 -3.481566905975341797e-01 -1.131313294172286987e-01 -6.460282802581787109e-01 -2.951722443103790283e-01 -5.043519139289855957e-01 -8.818928599357604980e-01 -4.385050237178802490e-01 -1.580324918031692505e-01 -6.453351378440856934e-01 -1.059798717498779297e+00 -5.421821475028991699e-01 -3.450844287872314453e-01 -8.211832046508789062e-01
1.269414186477661133e+00 -1.381761580705642700e-01 -1.828767508268356323e-01 8.783648163080215454e-02 2.063840255141258240e-02 -5.474331602454185486e-02 -1.982718110084533691e-01 -2.211471498012542725e-01 -1.648277640342712402e-01 2.812566161155700684e-01 -1.623490601778030396e-01 -1.970773786306381226e-01 -1.434296667575836182e-01 7.283539324998855591e-02 8.811651729047298431e-03
-1.346461623907089233e-01 -4.899377748370170593e-02 3.874163143336772919e-03 -4.717033822089433670e-03 8.304786868393421173e-03 3.494111075997352600e-02 -6.495611742138862610e-03 1.796071045100688934e-02 -8.885779607226140797e-06 5.465557333081960678e-03 1.819325983524322510e-01 -2.163857221603393555e-02 2.520682988688349724e-03 3.470627125352621078e-03 -1.224990119226276875e-03
-1.780199855566024780e-01 -2.978334203362464905e-02 1.930363290011882782e-02 1.280611846596002579e-03 1.803064532577991486e-02 8.343103528022766113e-02 -5.774262920022010803e-02 -2.700415253639221191e-02 -1.197893917560577393e-02 2.221804112195968628e-03 -3.004292258992791176e-03 4.020726308226585388e-02 -2.725311554968357086e-02 -2.528243698179721832e-03 6.456685718148946762e-03
-4.874020814895629883e-01 -6.515906751155853271e-02 -1.016873493790626526e-01 -2.004327252507209778e-02 -3.445538878440856934e-02 -2.193888276815414429e-02 -2.825095877051353455e-02 1.065663248300552368e-02 -4.060417786240577698e-02 -1.329678390175104141e-02 7.512807101011276245e-02 -7.780592888593673706e-02 4.579085111618041992e-01 -3.032608889043331146e-02 -8.571727573871612549e-02
2.937221527099609375e+00 -9.984655976295471191e-01 -3.947707414627075195e-01 3.179028034210205078e-01 -9.067488834261894226e-03 -2.679238915443420410e-01 -1.208078265190124512e+00 -9.094068408012390137e-01 -3.806830346584320068e-01 1.600397527217864990e-01 -5.553436875343322754e-01 -1.102313041687011719e+00 -7.847061753273010254e-01 1.313681006431579590e+00 -1.626012027263641357e-01
1.077738046646118164e+00 -1.481820940971374512e-01 -1.012332066893577576e-01 6.342066079378128052e-02 8.810323476791381836e-02 6.597367674112319946e-02 -1.603630036115646362e-01 -1.076766029000282288e-01 -2.509853430092334747e-02 1.366700977087020874e-01 -2.055623335763812065e-03 -8.896807581186294556e-02 -1.373965591192245483e-01 2.624372392892837524e-02 2.421344965696334839e-01
