-6.174895446747541428e-03 1.013272032141685486e-01 9.494662284851074219e-03 -1.072954735718667507e-03 -1.954336417838931084e-03 3.235370293259620667e-02 1.311829499900341034e-02 4.599680658429861069e-03 3.457209328189492226e-03 -3.709875512868165970e-03
2.952152490615844727e-02 5.818477272987365723e-02 -1.140632084570825100e-03 2.534608065616339445e-04 -1.008150540292263031e-02 4.720219969749450684e-02 1.160575076937675476e-02 5.915394285693764687e-04 4.275324288755655289e-03 -4.129371140152215958e-03
-2.657482400536537170e-02 9.393337368965148926e-02 7.013437338173389435e-03 -5.757602630183100700e-04 -2.255842089653015137e-03 1.742621324956417084e-02 2.554152719676494598e-02 3.776047844439744949e-03 1.708385185338556767e-03 -3.038262249901890755e-03
1.050902232527732849e-01 -1.351997139863669872e-03 2.131942193955183029e-03 2.795819891616702080e-03 -2.223991043865680695e-02 1.338911056518554688e-01 -7.237701863050460815e-02 1.546752732247114182e-02 -5.495212462847121060e-05 -6.419080309569835663e-03
1.302687287330627441e+00 1.752297401428222656e+00 1.972466260194778442e-01 6.000279448926448822e-03 2.113568633794784546e-01 3.878211975097656250e-02 2.005831338465213776e-02 5.922648590058088303e-03 6.126845255494117737e-03 -5.449449177831411362e-03
1.556481793522834778e-02 7.909560948610305786e-02 6.616913247853517532e-03 -6.828986079199239612e-05 -5.656964145600795746e-03 1.128089707344770432e-02 1.228750869631767273e-02 7.058019749820232391e-03 3.036726731806993484e-03 -1.534862443804740906e-03
1.594020612537860870e-02 6.112552061676979065e-02 3.197732730768620968e-04 4.551788442768156528e-04 -9.092945605516433716e-03 1.399997435510158539e-02 2.819078229367733002e-02 3.378577530384063721e-03 2.800493268296122551e-03 -2.097525633871555328e-03
6.658176425844430923e-03 1.005334556102752686e-01 5.609214305877685547e-03 -5.208744187257252634e-05 -3.322687465697526932e-03 3.602560609579086304e-02 1.408144272863864899e-02 8.337776176631450653e-03 2.859303960576653481e-03 -1.136949402280151844e-03
-8.344427496194839478e-02 4.048984944820404053e-01 -4.793459177017211914e-02 -9.836574085056781769e-03 -7.750994712114334106e-02 -1.138463318347930908e-01 -2.380471825599670410e-01 4.436542093753814697e-02 3.620041301473975182e-03 7.783702574670314789e-03
4.253282770514488220e-02 2.085880786180496216e-01 2.647082135081291199e-02 1.498584728688001633e-02 1.268734689801931381e-02 9.265181422233581543e-01 1.319600820541381836e+00 1.753371655941009521e-01 1.554781571030616760e-02 2.352452725172042847e-01
