-2.897347789257764816e-03 2.421064302325248718e-03 7.132008671760559082e-03 -7.211191696114838123e-04 2.539852634072303772e-03 -1.385517185553908348e-03 1.957106636837124825e-03 3.677755594253540039e-03 -1.844406651798635721e-04 5.413811595644801855e-05
-6.407085806131362915e-03 1.602348987944424152e-03 5.581066943705081940e-03 1.351475017145276070e-03 4.379249177873134613e-03 -8.075583027675747871e-04 5.480845575220882893e-04 3.401958616450428963e-03 1.634211977943778038e-03 8.370942668989300728e-04
-4.202630836516618729e-03 2.290807664394378662e-03 5.567275919020175934e-03 2.170011721318587661e-04 3.485455410555005074e-03 -8.097074460238218307e-04 1.031660358421504498e-03 2.388974186033010483e-03 8.851156453602015972e-04 8.096015080809593201e-04
-3.007814660668373108e-02 4.045721143484115601e-03 1.896566152572631836e-02 1.875898800790309906e-02 2.359076775610446930e-02 -6.494625471532344818e-03 -4.503378644585609436e-03 1.318837609142065048e-02 5.964044481515884399e-03 1.775975106284022331e-03
-4.461087659001350403e-02 5.297234281897544861e-03 7.471263408660888672e-02 1.649621315300464630e-02 4.835768416523933411e-02 5.957703571766614914e-03 -2.432850655168294907e-03 1.509155519306659698e-02 1.788875088095664978e-02 1.952208392322063446e-02
-1.324551552534103394e-02 3.476437705103307962e-04 9.126372635364532471e-03 4.418150056153535843e-03 7.914629764854907990e-03 -2.103386359522119164e-04 6.826008757343515754e-05 4.757724236696958542e-03 3.550708992406725883e-03 1.803235150873661041e-03
-9.802443906664848328e-03 2.723549026995897293e-03 1.427895110100507736e-02 2.838940825313329697e-03 7.934268563985824585e-03 -8.020904497243463993e-04 -1.065371543518267572e-04 4.770820029079914093e-03 3.727975301444530487e-03 6.210719002410769463e-04
-2.840013010427355766e-03 5.961179267615079880e-04 9.372947737574577332e-03 1.180199091322720051e-03 3.453847020864486694e-03 8.626670023659244180e-06 1.774217380443587899e-04 2.970959059894084930e-03 2.946999389678239822e-03 4.749865038320422173e-04
-5.900455266237258911e-02 -1.774268690496683121e-03 4.004768654704093933e-02 2.412085086689330637e-05 2.063783258199691772e-02 -5.784261506050825119e-03 -2.726429374888539314e-03 2.899302355945110321e-02 2.130052261054515839e-02 -4.313773475587368011e-03
-9.947885572910308838e-02 1.304758043261244893e-04 1.160758808255195618e-01 2.929890528321266174e-02 7.608744502067565918e-02 1.419059466570615768e-02 3.218062222003936768e-03 2.440408617258071899e-02 3.320950269699096680e-02 3.668106347322463989e-02
