-1.181201543658971786e-02 3.121373010799288750e-03 3.226364962756633759e-03 -4.336011130362749100e-03 1.376747852191329002e-03 4.200019314885139465e-02 1.321041770279407501e-02 2.471263520419597626e-03 -4.528644494712352753e-03 -2.957548759877681732e-02
-1.349030621349811554e-02 1.822153688408434391e-03 5.720966495573520660e-03 2.819258661475032568e-04 1.443684333935379982e-03 1.499144639819860458e-02 6.180812139064073563e-03 1.843069097958505154e-03 -2.889953553676605225e-03 -1.527291443198919296e-02
-1.026122272014617920e-02 3.018733346834778786e-03 3.400561399757862091e-03 -1.926304888911545277e-03 2.994894748553633690e-04 9.754265658557415009e-03 5.893856752663850784e-03 2.103633160004392266e-04 -2.588086295872926712e-03 -1.219402998685836792e-02
-3.192931786179542542e-02 6.948578637093305588e-03 1.675319299101829529e-02 8.251827210187911987e-03 -6.151833105832338333e-03 9.047248214483261108e-02 2.110237255692481995e-02 -2.664922038093209267e-03 -2.518398314714431763e-02 -7.250138372182846069e-02
-1.784958094358444214e-01 -8.088338188827037811e-03 1.405311822891235352e-01 2.413430437445640564e-02 4.824123904109001160e-02 -2.617075145244598389e-01 1.721663028001785278e-02 3.082889690995216370e-02 2.590640448033809662e-02 7.644805312156677246e-02
-1.820322312414646149e-02 -2.515258966013789177e-03 1.148408092558383942e-02 3.069805679842829704e-03 1.598362578079104424e-03 -6.857614964246749878e-03 6.523712072521448135e-03 5.675195250660181046e-03 6.174014415591955185e-04 2.164961624657735229e-04
-1.244975067675113678e-02 2.174009103327989578e-03 7.613524328917264938e-03 -7.598087904625572264e-06 7.400506874546408653e-04 3.134723752737045288e-03 4.107097163796424866e-03 1.303365337662398815e-03 -1.979252090677618980e-03 -1.009336300194263458e-02
6.950717070139944553e-04 9.778580861166119576e-04 1.227509416639804840e-02 8.952479693107306957e-04 -1.954473846126347780e-04 -1.654565567150712013e-03 4.387403838336467743e-03 2.405973616987466812e-03 -9.954066481441259384e-04 -4.947453271597623825e-03
2.652835659682750702e-02 1.123670302331447601e-02 4.206705465912818909e-02 -1.659864000976085663e-02 -2.080381847918033600e-02 1.850947439670562744e-01 3.522145003080368042e-02 7.961669936776161194e-03 -1.397721190005540848e-02 -7.481919229030609131e-02
-1.152148693799972534e-01 -1.169139891862869263e-02 9.635991603136062622e-02 1.304077357053756714e-02 1.338553894311189651e-02 -1.744296550750732422e-01 1.994348131120204926e-02 2.796224132180213928e-02 1.715810783207416534e-02 7.329786568880081177e-02
