4.262389540672302246e-01 -5.939157679677009583e-02 -5.995984375476837158e-02 7.109624892473220825e-02 -5.433073267340660095e-03 -1.772904582321643829e-02 -7.030602544546127319e-03 -3.581755235791206360e-02 3.478050529956817627e-01 1.487076878547668457e-01
-2.404050901532173157e-02 3.136071264743804932e-01 3.504591286182403564e-01 2.265883050858974457e-02 -2.341227419674396515e-02 -2.842625416815280914e-02 -1.065428741276264191e-02 1.429947465658187866e-02 2.103691734373569489e-02 -3.529065055772662163e-03
-4.174450039863586426e-02 -3.761860728263854980e-02 3.449301421642303467e-01 3.075123764574527740e-02 -3.422259539365768433e-02 -3.783384338021278381e-02 -3.488671407103538513e-02 1.697990447282791138e-01 4.800856113433837891e-01 -5.001258850097656250e-02
9.027182823047041893e-04 -5.767443217337131500e-03 -7.629505358636379242e-03 5.254938006401062012e-01 -6.213768851011991501e-03 3.073337301611900330e-02 -1.820828393101692200e-02 -3.414242528378963470e-03 5.591830122284591198e-04 -4.472527652978897095e-03
2.756918221712112427e-02 -3.743210807442665100e-03 1.067377813160419464e-02 3.998859319835901260e-03 4.144070670008659363e-03 -6.110307294875383377e-03 -6.505202036350965500e-03 6.966887507587671280e-03 1.496367156505584717e-01 9.951563552021980286e-04
-7.446537725627422333e-03 3.080651862546801567e-03 1.266019232571125031e-02 5.692840814590454102e-01 -8.064020425081253052e-03 5.173145234584808350e-02 -5.154693033546209335e-03 -8.799533359706401825e-03 -3.725712373852729797e-02 -2.361916378140449524e-02
2.227030843496322632e-01 -4.217827692627906799e-03 -8.817641064524650574e-03 2.391081862151622772e-02 -8.450909517705440521e-03 -6.896103266626596451e-03 2.034462243318557739e-02 6.938338279724121094e-03 1.779691502451896667e-02 2.935334295034408569e-02
1.013981699943542480e-01 -8.459956385195255280e-03 1.029692962765693665e-02 2.549383789300918579e-02 -1.217977330088615417e-02 -1.992461970075964928e-03 8.416529744863510132e-03 5.634733662009239197e-02 1.017513591796159744e-02 7.714430242776870728e-02
3.553980216383934021e-02 -2.184078842401504517e-02 1.778377220034599304e-02 3.130393102765083313e-02 1.655185967683792114e-02 -1.228908635675907135e-02 -2.397318929433822632e-02 8.933952078223228455e-03 4.415358304977416992e-01 -8.086045272648334503e-03
-4.709625616669654846e-03 -1.609367690980434418e-02 -1.288220658898353577e-02 4.101318866014480591e-02 -1.607591472566127777e-02 3.304242715239524841e-02 -1.309168897569179535e-02 -4.977517295628786087e-03 -2.890156768262386322e-02 6.084117889404296875e-01
