-1.422461774200201035e-02 7.080590818077325821e-03 7.082020863890647888e-03 -2.346503606531769037e-04 2.133710077032446861e-03 5.228102672845125198e-04 3.322121046949177980e-04 7.629982195794582367e-03 -4.251014033798128366e-04 4.431353881955146790e-04 6.394710391759872437e-03 6.318774539977312088e-04 7.347533013671636581e-03 6.365644745528697968e-03 4.432415124028921127e-03
-5.105154195916838944e-05 6.246489938348531723e-03 6.095874123275279999e-03 -1.017052563838660717e-03 1.699264394119381905e-03 5.853240872966125607e-05 5.228259396972134709e-06 6.342865992337465286e-03 -2.080754493363201618e-04 -3.759389277547597885e-03 5.037442315369844437e-03 5.779809362138621509e-05 6.694390904158353806e-03 5.867129191756248474e-03 3.705622628331184387e-03
-9.381997399032115936e-03 1.227127201855182648e-02 1.366313360631465912e-02 -1.123717753216624260e-03 4.415371513459831476e-04 -4.657638783100992441e-04 -4.610027535818517208e-04 1.353911869227886200e-02 -8.874335908330976963e-04 2.684625424444675446e-02 1.016226783394813538e-02 -1.638568937778472900e-04 1.308753713965415955e-02 1.467546168714761734e-02 9.749648161232471466e-03
-3.661677986383438110e-02 3.152473643422126770e-02 2.369953878223896027e-02 8.201242424547672272e-03 1.213556621223688126e-02 -1.781856757588684559e-03 4.040203930344432592e-04 3.042286634445190430e-02 -1.652101404033601284e-03 -4.882339760661125183e-02 2.370306476950645447e-02 3.800089005380868912e-03 3.552784398198127747e-02 2.305041253566741943e-02 9.671699255704879761e-03
-7.647538185119628906e-02 1.716388389468193054e-02 1.192089729011058807e-02 3.805316984653472900e-03 1.173190865665674210e-02 1.669759047217667103e-03 2.188826911151409149e-03 1.580523699522018433e-02 7.488682167604565620e-04 2.930978371296077967e-04 1.408786792308092117e-02 3.823432605713605881e-03 1.732529141008853912e-02 8.585197851061820984e-03 2.211264800280332565e-03
-1.864888705313205719e-02 1.353572122752666473e-02 1.471056696027517319e-02 -7.810270763002336025e-04 7.084097596816718578e-04 -4.178380186203867197e-04 -3.689788863994181156e-04 1.471026334911584854e-02 -9.472455712966620922e-04 3.152953460812568665e-02 1.109779067337512970e-02 2.913924254244193435e-05 1.438626833260059357e-02 1.575349085032939911e-02 1.026712637394666672e-02
-1.302969921380281448e-02 1.101965550333261490e-02 1.243427023291587830e-02 -6.427881889976561069e-04 2.007440198212862015e-04 -2.285499504068866372e-04 -4.266320029273629189e-04 1.185662019997835159e-02 -6.140547338873147964e-04 2.562393434345722198e-02 8.991234004497528076e-03 -4.827266820939257741e-05 1.171073410660028458e-02 1.337667647749185562e-02 8.637336082756519318e-03
-1.510556507855653763e-02 1.356921903789043427e-02 1.546133588999509811e-02 -1.440478023141622543e-03 -2.522944123484194279e-05 -3.128042444586753845e-04 -3.771128540392965078e-04 1.506553404033184052e-02 -8.291536942124366760e-04 3.804580867290496826e-02 1.137343794107437134e-02 -9.211657743435353041e-05 1.447184104472398758e-02 1.685302704572677612e-02 1.077068597078323364e-02
-6.067890301346778870e-02 6.148963700979948044e-03 -3.224916988983750343e-03 6.907905451953411102e-03 8.008247241377830505e-03 -2.936053788289427757e-03 -1.713684410788118839e-03 2.522956579923629761e-03 -8.553388761356472969e-04 -5.167349800467491150e-02 1.350950216874480247e-03 1.382954884320497513e-03 8.472100831568241119e-03 -5.543537903577089310e-03 -1.078397408127784729e-02
8.071112632751464844e-02 -1.684364862740039825e-02 -9.875100106000900269e-03 -2.344767749309539795e-02 -7.767293136566877365e-03 8.818097412586212158e-03 6.504490505903959274e-03 -1.653168164193630219e-02 8.893988095223903656e-03 4.758910536766052246e-01 -1.518664602190256119e-02 5.908031482249498367e-03 -1.234154123812913895e-02 1.246865489520132542e-03 -3.435501828789710999e-03
-8.310049772262573242e-03 1.001206692308187485e-02 1.102155353873968124e-02 -8.096756646409630775e-04 1.400122535414993763e-03 6.895086698932573199e-06 -1.565465063322335482e-04 1.097064558416604996e-02 -3.926739154849201441e-04 1.687386259436607361e-02 8.535149507224559784e-03 3.322875709272921085e-04 1.060426142066717148e-02 1.153474207967519760e-02 7.775661535561084747e-03
-7.464685942977666855e-03 6.356276106089353561e-03 5.837528966367244720e-03 1.277929259231314063e-04 1.966747920960187912e-03 -1.135255006374791265e-04 5.513628366315970197e-06 6.338674109429121017e-03 -5.758845363743603230e-04 4.145835060626268387e-03 5.226270295679569244e-03 3.565587394405156374e-04 6.695724558085203171e-03 5.694164894521236420e-03 3.608153434470295906e-03
-4.079518374055624008e-03 9.219837374985218048e-03 9.708797559142112732e-03 -1.370125100947916508e-03 1.078445115126669407e-03 -4.713338785222731531e-05 -1.472557341912761331e-04 9.954165667295455933e-03 -5.161560256965458393e-04 1.270722970366477966e-02 7.651822175830602646e-03 4.341745079727843404e-05 1.005810964852571487e-02 1.005983445793390274e-02 6.381661631166934967e-03
9.591101109981536865e-02 9.992213547229766846e-02 1.178706213831901550e-01 -6.050127558410167694e-03 6.477191927842795849e-04 -2.542261499911546707e-03 -1.791664515621960163e-03 1.084925383329391479e-01 -3.637092188000679016e-03 1.592380404472351074e-01 7.975466549396514893e-02 -9.053116082213819027e-04 1.083170920610427856e-01 1.319888234138488770e-01 8.198396861553192139e-02
-4.693688452243804932e-02 4.171259328722953796e-02 4.540987685322761536e-02 -3.070872044190764427e-03 2.443908248096704483e-03 -2.131987595930695534e-03 -1.726783462800085545e-03 4.440083727240562439e-02 -2.274989616125822067e-03 8.134020119905471802e-02 3.378316760063171387e-02 -5.231934483163058758e-04 4.417945072054862976e-02 4.869206622242927551e-02 3.114010952413082123e-02
