1.038028001785278320e+00 1.047123670578002930e+00 1.036394834518432617e+00 1.025989651679992676e+00 8.129372000694274902e-01 1.022349357604980469e+00 1.047713041305541992e+00 1.040983676910400391e+00 1.026571989059448242e+00 8.112313151359558105e-01 1.015301704406738281e+00 1.026070952415466309e+00 1.024631857872009277e+00 1.024818897247314453e+00 8.021568059921264648e-01
1.039502859115600586e+00 1.051525115966796875e+00 1.041318774223327637e+00 1.028539657592773438e+00 8.154055476188659668e-01 1.027609705924987793e+00 1.050520420074462891e+00 1.043667316436767578e+00 1.030041098594665527e+00 8.144996166229248047e-01 1.017375230789184570e+00 1.027051806449890137e+00 1.028248429298400879e+00 1.026645898818969727e+00 8.051623702049255371e-01
1.042664408683776855e+00 1.051266789436340332e+00 1.042788028717041016e+00 1.031470656394958496e+00 8.167914152145385742e-01 1.029631733894348145e+00 1.051983952522277832e+00 1.046749949455261230e+00 1.032542943954467773e+00 8.169404864311218262e-01 1.017394542694091797e+00 1.029767870903015137e+00 1.029693961143493652e+00 1.029539346694946289e+00 8.069112896919250488e-01
1.043260693550109863e+00 1.052779555320739746e+00 1.046132922172546387e+00 1.032956242561340332e+00 8.188912272453308105e-01 1.029064178466796875e+00 1.055773496627807617e+00 1.050223112106323242e+00 1.034608840942382812e+00 8.184093832969665527e-01 1.020961642265319824e+00 1.032323718070983887e+00 1.033499956130981445e+00 1.031305670738220215e+00 8.091852664947509766e-01
1.045062541961669922e+00 1.055183887481689453e+00 1.045386075973510742e+00 1.035666227340698242e+00 8.203421831130981445e-01 1.030535340309143066e+00 1.056658506393432617e+00 1.050441622734069824e+00 1.036565184593200684e+00 8.203855752944946289e-01 1.024083256721496582e+00 1.036431431770324707e+00 1.035016655921936035e+00 1.033728361129760742e+00 8.102672696113586426e-01
1.050792455673217773e+00 1.057307124137878418e+00 1.048779606819152832e+00 1.037284612655639648e+00 8.233802914619445801e-01 1.032407045364379883e+00 1.060613870620727539e+00 1.054901838302612305e+00 1.039189934730529785e+00 8.230195045471191406e-01 1.028578042984008789e+00 1.041040897369384766e+00 1.034597396850585938e+00 1.035698771476745605e+00 8.127306103706359863e-01
1.053098917007446289e+00 1.065615296363830566e+00 1.050464510917663574e+00 1.039013266563415527e+00 8.249125480651855469e-01 1.034339785575866699e+00 1.062285542488098145e+00 1.056423544883728027e+00 1.040713071823120117e+00 8.251969814300537109e-01 1.030262231826782227e+00 1.037740588188171387e+00 1.042563915252685547e+00 1.038183689117431641e+00 8.153861165046691895e-01
1.054228305816650391e+00 1.062052249908447266e+00 1.051287651062011719e+00 1.041476011276245117e+00 8.268678784370422363e-01 1.041516423225402832e+00 1.061404943466186523e+00 1.058135867118835449e+00 1.042773246765136719e+00 8.268412351608276367e-01 1.026937127113342285e+00 1.038228750228881836e+00 1.039452075958251953e+00 1.038790345191955566e+00 8.160579204559326172e-01
1.056904911994934082e+00 1.062713623046875000e+00 1.054107904434204102e+00 1.043296694755554199e+00 8.286455273628234863e-01 1.038473248481750488e+00 1.065277814865112305e+00 1.059650421142578125e+00 1.044526815414428711e+00 8.283966779708862305e-01 1.030799627304077148e+00 1.041461586952209473e+00 1.042944192886352539e+00 1.041582822799682617e+00 8.186987042427062988e-01
1.057539701461791992e+00 1.064856886863708496e+00 1.055228710174560547e+00 1.046449422836303711e+00 8.311313390731811523e-01 1.042942166328430176e+00 1.068844079971313477e+00 1.060122489929199219e+00 1.047205090522766113e+00 8.311195373535156250e-01 1.035140991210937500e+00 1.042963385581970215e+00 1.044947266578674316e+00 1.044121026992797852e+00 8.213930726051330566e-01
1.063879132270812988e+00 1.067887187004089355e+00 1.059785127639770508e+00 1.048695206642150879e+00 8.345240950584411621e-01 1.043786764144897461e+00 1.069861054420471191e+00 1.062677860260009766e+00 1.049551010131835938e+00 8.329741358757019043e-01 1.035842299461364746e+00 1.051073312759399414e+00 1.044418215751647949e+00 1.046047329902648926e+00 8.236675858497619629e-01
1.068687796592712402e+00 1.070593833923339844e+00 1.061469435691833496e+00 1.049935698509216309e+00 8.356743454933166504e-01 1.047906756401062012e+00 1.072776794433593750e+00 1.065670132637023926e+00 1.051541686058044434e+00 8.357900977134704590e-01 1.040883064270019531e+00 1.048102617263793945e+00 1.049051642417907715e+00 1.048539876937866211e+00 8.258584737777709961e-01
1.072228431701660156e+00 1.072803020477294922e+00 1.061636447906494141e+00 1.052716493606567383e+00 8.366151452064514160e-01 1.048370003700256348e+00 1.073502302169799805e+00 1.065948009490966797e+00 1.054265618324279785e+00 8.380928039550781250e-01 1.038324952125549316e+00 1.047209620475769043e+00 1.049679875373840332e+00 1.049846768379211426e+00 8.274112343788146973e-01
1.075403213500976562e+00 1.072777628898620605e+00 1.065023303031921387e+00 1.053492903709411621e+00 8.398079872131347656e-01 1.049794316291809082e+00 1.076763153076171875e+00 1.068652987480163574e+00 1.055109620094299316e+00 8.389009237289428711e-01 1.042211055755615234e+00 1.053322553634643555e+00 1.052141666412353516e+00 1.052130579948425293e+00 8.296206593513488770e-01
1.077464699745178223e+00 1.076751828193664551e+00 1.065580010414123535e+00 1.055880784988403320e+00 8.414381146430969238e-01 1.051771640777587891e+00 1.075982332229614258e+00 1.072369933128356934e+00 1.057172775268554688e+00 8.415820598602294922e-01 1.045555472373962402e+00 1.055243253707885742e+00 1.055742144584655762e+00 1.054607748985290527e+00 8.318581581115722656e-01
