9.859309496518942062e-01 1.180728974970961763e-02 -2.759346050477372476e-03 3.627983206970649688e-01 2.282988681365718956e-04 1.055477440931854721e-02 7.052573070272550280e-03 9.096824241967020521e-04 9.660788440551915102e-01 5.349779871476508797e-01
-6.601841708562882632e-03 5.904062412598333198e-01 1.099033554780341815e+00 -2.448721335048816873e-03 -1.771668312635300575e-03 -3.679599519244309419e-03 -2.633226464767096132e-03 1.226105161248324145e-02 2.257986012612609242e-02 3.013515544201234020e-03
-6.629906015311684726e-03 -6.314569293891935005e-03 6.615070127041164927e-01 -2.488602648037271329e-03 -6.780834093600225567e-04 -3.679951905416952232e-03 -2.825663920083220509e-03 6.384705072503165102e-01 1.445712412992923968e+00 -2.448247077184572719e-03
-5.962760290190575671e-03 -5.577620664852079788e-03 -2.273576206359188227e-03 1.351686572797963892e+00 -1.705662169759565496e-03 6.269113951389600333e-04 2.553440580631671352e-03 2.618269693470295836e-03 1.208278463324366416e-03 -1.509271454250823985e-03
-6.622242450345278836e-03 -6.093822827692779373e-03 1.581084250479878120e-04 6.363427204629477051e-03 5.131103207057333138e-02 5.754487038558654503e-03 2.276226135747730361e-02 -3.663750201662995670e-03 4.940133515958087251e-01 1.923632604575420055e-02
4.616915374563646673e-03 1.981205491966220311e-02 2.110722697025921302e-01 1.209524240487046098e+00 8.026058896558503630e-03 6.658625849047805634e-02 9.110057207548066804e-02 5.066346687362008674e-03 7.547236540285440221e-02 -1.668370457493073989e-03
6.128561247352914965e-01 -9.401560242894091771e-04 1.237194077389489836e-03 5.371411421723720075e-02 1.502309560190155831e-03 1.018744644534985092e-04 5.094824008971762103e-02 -2.133575458773807974e-03 4.476314829991723254e-03 7.062595958664014562e-04
8.878973098461674651e-02 1.169172373753839603e-02 3.224311212627339017e-03 3.196973279259146539e-02 2.557913525749692246e-04 4.921353022268316196e-02 2.348167014887992537e-02 6.705857932176125802e-01 1.202821476415363716e-01 4.909726282220054916e-01
1.997680929440421270e-03 6.738982293303741669e-04 -5.186944610599682551e-03 3.386866895891784551e-02 6.564016344235039380e-02 7.670117710807393407e-02 -1.453016919329680207e-03 -1.079134593133959956e-03 1.262101459700318395e+00 2.513608670263390091e-02
-3.749640534190600873e-03 2.210087157174347224e-03 -6.671009130928193948e-03 1.314448791468138950e-02 2.520820498396824684e-03 2.195276623179241438e-01 -2.795811183681318028e-03 -3.799594992033112229e-03 6.195184632194617250e-03 1.381785570159274501e+00
