-3.505868371576070786e-03 -4.585883289109915495e-04 -3.130460623651742935e-03 -1.306237373501062393e-02 -3.601615084335207939e-03 2.921058621723204851e-04 -2.143487101420760155e-03 -1.549751614220440388e-03 -1.081544067710638046e-02 -1.578991999849677086e-03 -6.212273146957159042e-03 -3.349351929500699043e-03 -3.356294706463813782e-03 -1.396893989294767380e-02 -3.901240183040499687e-03
-2.801340771839022636e-03 -6.570012192241847515e-04 -2.673117211088538170e-03 -1.204604096710681915e-02 -2.937076613306999207e-03 7.628314197063446045e-04 -1.406353432685136795e-03 -1.902235788293182850e-03 -9.667593985795974731e-03 -1.892495900392532349e-03 -5.546962842345237732e-03 -3.192917676642537117e-03 -3.180598374456167221e-03 -1.243150513619184494e-02 -3.623317461460828781e-03
-3.503286978229880333e-03 -5.318286712281405926e-04 -2.689270302653312683e-03 -1.294702198356389999e-02 -3.412771271541714668e-03 4.576854698825627565e-04 -1.960871508345007896e-03 -8.264157804660499096e-04 -1.053451932966709137e-02 -1.856767572462558746e-03 -6.041301880031824112e-03 -3.351936349645256996e-03 -3.082239069044589996e-03 -1.372306887060403824e-02 -4.080891609191894531e-03
-1.338480040431022644e-02 -6.362286396324634552e-03 -1.516632549464702606e-02 -6.619995832443237305e-02 -1.773428916931152344e-02 1.298688119277358055e-03 -1.181323919445276260e-02 -9.099526330828666687e-03 -5.477224290370941162e-02 -4.864470101892948151e-03 -3.253351897001266479e-02 -1.492579095065593719e-02 -1.665336452424526215e-02 -6.941927224397659302e-02 -1.756240241229534149e-02
-1.389029063284397125e-02 -1.735756639391183853e-03 -9.269046597182750702e-03 -6.310008466243743896e-02 -9.090648032724857330e-03 8.551198057830333710e-03 -2.861703978851437569e-03 -3.131984500214457512e-03 -4.995033517479896545e-02 -8.753411471843719482e-03 -2.585437707602977753e-02 -1.479470822960138321e-02 -1.433251798152923584e-02 -6.670833379030227661e-02 -1.864569447934627533e-02
-2.521006390452384949e-03 -3.975198778789490461e-04 -2.445990918204188347e-03 -1.028839126229286194e-02 -2.986008301377296448e-03 3.128955140709877014e-04 -1.757193123921751976e-03 -9.813355281949043274e-04 -8.401131257414817810e-03 -1.365918084047734737e-03 -4.729624837636947632e-03 -2.447753213346004486e-03 -2.698874799534678459e-03 -1.069633103907108307e-02 -3.102099988609552383e-03
-3.038532100617885590e-03 -6.986212101764976978e-04 -2.896907506510615349e-03 -1.289454381912946701e-02 -3.008806379511952400e-03 6.553560378961265087e-04 -1.543991151265799999e-03 -4.549648438114672899e-04 -1.007537078112363815e-02 -1.698286272585391998e-03 -5.805084947496652603e-03 -3.365404438227415085e-03 -3.164597786962985992e-03 -1.375398039817810059e-02 -3.890046617016196251e-03
-3.000495955348014832e-03 -8.303764625452458858e-04 -2.885648515075445175e-03 -1.216319948434829712e-02 -3.364286385476589203e-03 3.668978752102702856e-04 -1.894064247608184814e-03 -1.490226946771144867e-03 -1.003091130405664444e-02 -1.778938807547092438e-03 -5.767584778368473053e-03 -2.994664711877703667e-03 -2.994276583194732666e-03 -1.298719551414251328e-02 -3.653757506981492043e-03
-1.293320674449205399e-02 -2.194377593696117401e-03 -1.193121727555990219e-02 -5.157538503408432007e-02 -1.266426313668489456e-02 8.216523565351963043e-03 -5.490256473422050476e-03 -4.384657833725214005e-03 -4.153872653841972351e-02 -9.483668021857738495e-03 -2.336200699210166931e-02 -1.132781617343425751e-02 -8.799862116575241089e-03 -5.691957473754882812e-02 -1.396333705633878708e-02
-1.282783132046461105e-02 -1.281168777495622635e-03 -1.297225430607795715e-02 -5.714345723390579224e-02 -1.371296402066946030e-02 5.252663977444171906e-03 -7.122735492885112762e-03 -3.916417248547077179e-03 -4.490151256322860718e-02 2.658159006386995316e-03 -2.518481202423572540e-02 -1.271161902695894241e-02 -1.331155933439731598e-02 -5.687378719449043274e-02 -1.130391843616962433e-02
-2.853395417332649231e-03 -4.782258765771985054e-04 -2.759287366643548012e-03 -1.307131163775920868e-02 -3.061266615986824036e-03 3.648625279311090708e-04 -1.534188981167972088e-03 -7.222013082355260849e-04 -9.608259424567222595e-03 -1.538980053737759590e-03 -5.592174828052520752e-03 -3.726738737896084785e-03 -3.567489795386791229e-03 -1.291280705481767654e-02 -3.867998952046036720e-03
-2.912633819505572319e-03 -6.852962542325258255e-04 -2.866758266463875771e-03 -1.334040891379117966e-02 -2.955890027806162834e-03 9.679161012172698975e-04 -1.398606807924807072e-03 -9.063777979463338852e-04 -1.049597002565860748e-02 -1.892143744044005871e-03 -5.974761210381984711e-03 -3.453722223639488220e-03 -3.207059577107429504e-03 -1.412357855588197708e-02 -3.857497125864028931e-03
-2.656590892001986504e-03 -5.112330545671284199e-04 -2.916378434747457504e-03 -1.071265339851379395e-02 -2.739421790465712547e-03 2.333810989512130618e-04 -1.478201127611100674e-03 -9.300080710090696812e-04 -8.642767556011676788e-03 -7.762435125187039375e-04 -5.196303129196166992e-03 -2.735960064455866814e-03 -2.450498286634683609e-03 -1.167003251612186432e-02 -2.782322932034730911e-03
-1.499785576015710831e-02 -5.633422639220952988e-03 -8.502736687660217285e-03 -6.844847649335861206e-02 -1.708583720028400421e-02 8.455095812678337097e-03 -1.016621943563222885e-02 -8.258160203695297241e-03 -5.475600436329841614e-02 -1.257888693362474442e-02 -3.038209676742553711e-02 -1.248045451939105988e-02 -1.469129417091608047e-02 -6.692674010992050171e-02 -2.307051979005336761e-02
-1.379552111029624939e-02 -2.091628033667802811e-03 -1.240586582571268082e-02 -5.968433618545532227e-02 -1.324373017996549606e-02 5.283155478537082672e-03 -6.398231256753206253e-03 -3.322450211271643639e-03 -4.697975516319274902e-02 -3.895950969308614731e-03 -2.563826180994510651e-02 -1.444150786846876144e-02 -1.344298291951417923e-02 -6.302361190319061279e-02 -1.519054081290960312e-02
