1.844879090785980225e-01 -1.758266799151897430e-02 -1.229336764663457870e-02 4.055486992001533508e-02 -3.255578130483627319e-02 -2.163148485124111176e-03 9.034915268421173096e-02 -4.856677353382110596e-02 -4.794419929385185242e-02 -4.036925733089447021e-02
2.443697676062583923e-02 -7.404957897961139679e-03 -1.004031021147966385e-02 3.392422571778297424e-02 -3.355969116091728210e-02 -5.292156245559453964e-03 -3.260582685470581055e-02 -5.345553159713745117e-02 -4.643439128994941711e-02 -3.934025019407272339e-02
6.220269948244094849e-02 -5.434821359813213348e-04 -2.896912974392762408e-06 1.928062364459037781e-02 -1.298443821724504232e-04 9.380364790558815002e-04 -1.102595357224345207e-03 -4.856467130593955517e-04 -1.748660113662481308e-03 -7.512697484344244003e-04
1.125781163573265076e-01 -1.936617121100425720e-02 -1.606907881796360016e-02 6.738640367984771729e-02 -4.870498180389404297e-02 -7.325863931328058243e-03 -1.714447326958179474e-02 -7.619099318981170654e-02 -6.894534081220626831e-02 -5.859251692891120911e-02
3.619443252682685852e-02 9.125596843659877777e-04 1.626144949113950133e-04 1.190994866192340851e-02 -2.064428990706801414e-04 6.940889870747923851e-04 1.509926951257511973e-04 -4.609122406691312790e-04 -1.190956565551459789e-03 -6.259009242057800293e-04
4.142275825142860413e-02 -8.131311275064945221e-03 -7.941092364490032196e-03 2.053780481219291687e-02 -2.840723469853401184e-02 -3.993761725723743439e-03 6.887277588248252869e-03 -4.293905571103096008e-02 -3.807015717029571533e-02 -3.004717268049716949e-02
2.446863353252410889e-01 -1.392565388232469559e-02 -3.876119153574109077e-03 3.641524538397789001e-02 -1.631441526114940643e-02 1.390863209962844849e-03 1.351779401302337646e-01 -2.331441268324851990e-02 -2.580454200506210327e-02 -2.225348353385925293e-02
1.417858432978391647e-02 3.135469974949955940e-03 1.202001236379146576e-03 6.454489659518003464e-03 3.263488411903381348e-03 1.264622667804360390e-03 -2.775433007627725601e-03 4.479634575545787811e-03 3.052207641303539276e-03 3.198725404217839241e-03
1.196394488215446472e-02 4.533853381872177124e-03 9.664735989645123482e-04 1.012552902102470398e-02 1.561927143484354019e-03 7.216706871986389160e-04 -1.208421401679515839e-02 9.483594913035631180e-04 6.217286572791635990e-04 2.577732549980282784e-03
2.229286171495914459e-02 -3.880451258737593889e-04 -1.302976510487496853e-03 1.233566273003816605e-02 -9.668699465692043304e-03 -7.001385674811899662e-04 -4.190166946500539780e-03 -1.470722351223230362e-02 -1.320086978375911713e-02 -9.137022309005260468e-03
