-2.018517014962817064e-04 -9.911098023279009493e-04 -5.744590852288685963e-04 -9.779454100491625362e-03 -4.335011015823988546e-03 -9.750352924012938970e-04 -9.823449872522543522e-04 -9.532670813552726087e-04 1.140189523216814278e-02 -4.318946234247176066e-03 -9.515077211365242840e-04 -9.842520890587192969e-04 -9.193186177860300382e-04 -9.763519698059830443e-03 -5.401342170601416623e-03
-2.157379947804683113e-04 2.031240839141136012e-01 -9.577624295479624352e-04 -9.778599517565414803e-03 -4.342736695169021124e-03 -9.750568751654937550e-04 -8.450914952145548512e-03 1.205261463025791846e-02 -9.791528407951579499e-03 -4.318981363769524434e-03 -9.515313032598974805e-04 -9.845594837510920037e-04 -1.015896463471368995e-03 -5.406915417195400607e-03 -4.363735037114872470e-03
-1.045608372865424688e-03 -9.900610289358222505e-04 -9.590334851669909781e-04 -1.027330975402154789e-02 -4.348669736418549724e-03 -9.830112836887482716e-04 -8.799405212508680518e-03 4.518698032474358778e-02 -9.791537545628347522e-03 -4.318944804813472718e-03 -9.314416454551331095e-04 -9.843128587409526870e-04 -1.015906562013970098e-03 -1.001888732804545254e-02 -4.328355176224174886e-03
3.519591077275256719e-02 3.913033588662081369e-02 4.121305511634103524e-01 -8.361750833283592560e-03 -2.831393288099217850e-03 2.564492323341768104e-04 1.521765474599498236e-01 4.276190321906992581e-02 -5.181190355048844939e-03 1.245811247016697168e-02 1.243807512168346729e-01 1.375890311557086609e-03 2.782143795263640473e-03 -9.245740539686665704e-03 -4.301830056818691655e-03
2.043750167070981227e+00 1.694542218252613752e+00 4.900514272896220880e-01 -9.779452714516023715e-03 9.938378159115791588e-01 -9.750585288277857079e-04 1.251698271163957307e-02 -9.755659051010277241e-04 -9.791516728654726942e-03 -4.318647515109718879e-03 3.842829011816309513e-03 -9.836192663710862424e-04 -1.015909389750467746e-03 -9.763583849882412000e-03 4.122357443601237445e-03
-9.661488388709854862e-04 -9.888276304878679257e-04 -9.128795701775209871e-04 -9.779466425803056556e-03 -4.346577386382955051e-03 -9.676060312946645377e-04 -1.045588598273467298e-03 3.275250902723923774e-03 -9.791527497748545028e-03 -1.419128541505281782e-01 -1.140793458392171528e-01 -9.837554755963702317e-04 2.259171799418598081e-03 -9.762702992426543561e-03 -3.086080267447349756e-02
-1.407679254213521549e-03 -9.970318519350687171e-04 -9.902328620922269935e-04 -9.780111951081188817e-03 -4.348444968855631060e-03 -8.800912852944592270e-04 -9.823313022725768933e-04 -9.753091694509611253e-04 -9.779397439984667192e-03 -4.318937366771719889e-03 -1.261466720832090998e-03 1.690302644437059569e-03 -1.015210041876596922e-03 -9.763599215885550298e-03 -4.363785715881307592e-03
-9.654367626189569885e-04 -2.907799890886420056e-04 -1.169652813171309647e-02 -9.779406821683574516e-03 -4.349057644065743369e-03 -9.738297720693154386e-04 -8.301918051206351803e-04 -9.755457401714267250e-04 -9.791472523275694326e-03 -4.296137253768332956e-03 -9.515379049879824688e-04 -9.747713385035645158e-04 -4.137730962143399728e-04 -9.763567294198395585e-03 -4.374096152100537954e-03
-8.133594572494375757e-04 2.560466770473354692e-02 8.354669787269855541e-02 -7.085405824413574215e-03 -4.048512768461643915e-03 1.410388333657722759e-01 2.368028788883994040e-01 1.141596813488833378e-01 -5.026394879470302141e-03 -3.192572534716547807e-04 3.722444114831266991e-03 2.047499557444004692e-02 5.746416637355846596e-02 -7.939198509999341111e-03 2.708142142656438500e-03
-9.659070731573521449e-04 -9.910537506628612839e-04 -9.589185741078318139e-04 -9.779452956954835796e-03 -4.335716359124028134e-03 1.905860356030188330e+00 1.895557420206736454e+00 4.734872682318895243e-01 -9.791516732845253340e-03 9.845060791815369861e-01 -9.515193079819925107e-04 -9.840271514185889874e-04 1.254405328968371397e-02 -9.763602769410439572e-03 8.533527239519217780e-03
-9.729354611558192279e-04 -1.168033154281673553e-03 -2.722617579349981970e-02 -9.826573156329017344e-03 -4.336578537754434519e-03 -9.846020785641254776e-04 -9.823029343538215285e-04 -8.062619095274378700e-02 -9.823381382163983572e-03 -4.318948231991533160e-03 -9.658889868075994263e-04 -1.004380947952947939e-02 -1.004607378864878515e-03 -9.427508986759208440e-03 -4.363726297872287663e-03
8.651473566978314100e-02 1.075736916205364824e-01 2.970793122127306750e-03 -9.777688128856581312e-03 -4.358172863464515601e-03 4.871663938064786648e-02 3.918399588918757871e-04 -1.189660589230975146e-03 -1.007480972768413224e-02 1.059377122988940448e-03 -8.814136635931856629e-04 -9.835037203454060923e-04 4.805764670378806849e-03 -9.762861092635792548e-03 -1.567868758893888048e-02
-1.335609754342319700e-03 2.116155867004278039e-03 1.634327770357200255e-02 -9.787638719976603924e-03 -4.348447218442625176e-03 -9.751110224873041962e-04 -9.823307838919752115e-04 -1.113033777540711755e-03 -9.791525742323555631e-03 -4.318890243781035865e-03 -9.515215513081272825e-04 -1.001323892705535722e-03 -1.016824127717197001e-03 -9.764110902755415017e-03 -4.363735105439831008e-03
3.083168903008886262e-03 1.083868842283448181e-01 1.126292982152185124e-01 -2.824613033014068166e-03 2.906475876248127907e-02 -8.710364432288341145e-04 8.972429288338169828e-02 1.055975729637386729e-01 -7.008673702173311669e-03 2.903336942813510013e-02 1.148372676466769826e-01 3.161862822444073268e-02 6.128114375552509707e-02 -6.322223066312603057e-03 -2.073747483790900053e-04
-8.842924520146997142e-04 1.378744283916429579e-02 3.784024865850284247e-03 -8.802507419124371707e-03 -4.335987102568631887e-03 5.692463067077491862e-02 -9.823183038239558310e-04 7.111164703044957867e-04 -9.791512655539359386e-03 -3.194632787827506124e-03 2.045054080543898145e+00 1.947190067293305127e+00 4.622611662483295247e-01 -9.763598651283764834e-03 9.638360993290026046e-01
