-6.435227477384051521e-03 -9.680676350378484511e-04 5.716401272478623119e-02 -9.742411379380009478e-03 -4.347450244295733915e-03 -9.695743457264671596e-04 -9.709285990164044297e-04 -1.041762409664592944e-03 -9.272946952225556011e-03 -4.330846076712415241e-03 -9.795338388381607045e-04 -3.973149549567348698e-03 -9.913702961541119660e-04 -9.733204053994071875e-03 -4.482617824714665855e-03
-1.060853491932826995e-03 -9.743848560035328274e-04 -9.751241713836611251e-04 -9.743411213133060245e-03 -4.347457450673296309e-03 -9.695763239592108994e-04 -8.762470917346009552e-04 -9.847965836007643078e-04 -9.781248299176082545e-03 -4.330844003972980291e-03 -9.894267995542869922e-04 -1.424590074002659787e-02 4.907761993491718865e-04 -9.735261198906618868e-03 -4.482606309357765190e-03
-9.865348786945965336e-04 -9.834755558557730162e-04 -9.759719164364828638e-04 -9.742415650449177955e-03 -4.347447421874013965e-03 8.285776987547099903e-02 -1.051652621659076138e-03 -9.807887256254109020e-04 1.429609719189147733e-02 -4.330710859832006578e-03 -9.991252935932887994e-04 -1.119519560791613043e-03 -9.913710420476680874e-04 -9.733335220149526290e-03 -4.482623496524524437e-03
1.678605472322031514e-02 6.546478654189824553e-02 2.372248491089532507e-01 -1.101484195422444516e-03 5.389474715264823065e-03 -9.396125983371284756e-04 2.093232208607174183e-01 1.607780725957814461e-01 4.554370560203185349e-03 5.527018192912626707e-03 2.818615458055437339e-02 2.921907236787846598e-02 9.450189367751808678e-02 3.133994248813355525e-03 -4.441957273994915148e-03
1.875274771302458898e+00 1.791155817503208292e+00 4.911819408345937110e-01 -9.742402999414704473e-03 1.012957959996560575e+00 -9.694744233386140640e-04 1.190781589017484224e-02 -9.807852738747931468e-04 -9.779101762063960659e-03 -4.330497297336506970e-03 9.858129755642520975e-03 3.389313956970910853e-04 -9.913701247936247511e-04 -9.733755670079722797e-03 7.685725239957960642e-03
-9.847142053169325414e-04 -9.743732896581274025e-04 3.613430069747985323e-04 -9.742400611990527717e-03 -4.345370570812861696e-03 -9.651566281569823758e-04 -1.010163096722422292e-03 -2.016898755144897748e-01 -9.779208197192003349e-03 1.162296465597233500e-02 -1.489254356761355019e-03 1.010296907246792802e-01 -8.394376285534277393e-02 -7.922254139056093131e-03 -4.483253791121465624e-03
-5.970262698487026516e-03 -9.743856646207390074e-04 -9.752416748828688373e-04 -9.742414850580069507e-03 -4.347448338959994038e-03 1.358641556373890030e-02 -9.713173295918195189e-04 -9.806807158335164275e-04 -9.779218869818634766e-03 -4.330843526750538172e-03 -9.887968919247978102e-04 -8.460521177123456887e-03 -9.922074195814264020e-04 -9.703371737028287924e-03 -4.482623554779449626e-03
-9.845277410376546481e-04 5.911556422166936997e-01 -9.739681639649909678e-04 -9.742416761813900428e-03 -4.347472055281116285e-03 -4.123015425465256616e-03 -9.934115820049355984e-04 -8.803944718842153516e-04 -9.772766300809232129e-03 -4.330764896722896426e-03 -9.888353235653958052e-04 -7.255929255880034330e-04 -1.006750533214904354e-03 -9.733760238295301181e-03 -4.482625483291173205e-03
-7.195342377644382099e-04 2.325376091098397581e-03 7.431870911081772668e-02 -7.627346582910100523e-03 -3.489040943444407777e-03 5.426666720901997081e-03 2.646157016924266525e-01 5.165815026881969557e-02 -4.421742115843323856e-03 2.631706538401908709e-03 1.389369097843645359e-02 2.051294666320905569e-01 8.119205479618378865e-03 -3.602489355813423815e-03 -4.239166838514447921e-03
-9.846938080692790515e-04 -9.743834536165338735e-04 1.949531726997053710e-02 -9.742402779666268012e-03 -4.347436598143853553e-03 1.894414301421518010e+00 1.951220588485078400e+00 4.778333987664221127e-01 -9.779101629339238821e-03 9.920172359614887192e-01 1.813672953056781612e-02 1.843371703532255962e-02 -8.203911637968851938e-04 -9.733756085974355765e-03 1.008847889157652063e-02
-4.776259900762388870e-03 -9.673541386463888796e-04 -3.237902748333193990e-03 -9.744241933657193933e-03 -4.347470378541856695e-03 -9.698561965632497865e-04 -9.709249462467024836e-04 -9.761209452356781665e-04 -9.600918540458486944e-03 -4.330846432525277054e-03 8.163214072391719589e-03 -9.771813464641307487e-04 5.526463699756757608e-02 -1.177837849866153336e-01 -7.424448846541144634e-03
-1.488671666276074335e-02 -9.715173732740012020e-04 -9.657303064128735202e-04 -9.743160799600615596e-03 -4.347495704862383570e-03 -9.900176634162400659e-04 -2.681062706302548837e-01 -1.137528980019844854e-03 -9.143433307627006623e-03 -4.302350041596338277e-03 1.211167571969721775e-03 -9.765453410974390264e-04 -1.050812768344744526e-03 -9.733756762041452168e-03 -4.483330140195947514e-03
6.444874411106420176e-02 -7.476122722592435082e-04 -9.955925159336105092e-04 -7.597773152631065452e-02 -4.347450787210733331e-03 -9.260270540224645099e-04 -9.694336777895684078e-04 3.992106974056308308e-03 -9.775936190812352725e-03 -4.344774149568473090e-03 -2.363754414864345597e-03 -1.022153300771607093e-03 7.075564352418890757e-02 -9.732624722582202889e-03 -4.482599051695226530e-03
1.167633779370836622e-01 8.955841748781745437e-02 2.116352266370291613e-01 -4.885991630146035297e-03 7.145134970818546594e-02 -8.325488730647815066e-04 2.179743548841252543e-01 2.281484532685042893e-02 -1.647188751274511302e-03 3.602130071767660219e-03 1.167574546934200402e-01 -6.367256200659294693e-04 -7.997841709175807596e-04 -7.280221482468317816e-03 -4.473951983038614369e-03
-9.862471825761338906e-04 7.446213239361726757e-03 8.197185518033467096e-04 -9.742388795004074120e-03 -4.344951891472445885e-03 5.254774206190361910e-03 2.722733495044564814e-02 -2.247072493621408420e-04 -9.778979443103160210e-03 2.911743340492157529e-03 2.021527045877545614e+00 1.968238114884256706e+00 4.907768232033659639e-01 -9.733382954418411115e-03 9.884354910985642118e-01
