9.615751170540496329e-01 -1.769871113400438463e-03 -3.302709011038233288e-03 3.641669619056733254e-01 6.400858018455686353e-03 4.961192758180270855e-03 1.231674334229121079e-02 -1.465392923723476439e-03 9.795820863152423508e-01 5.659051253024697248e-01
-6.715892412220849685e-03 5.802090124675051142e-01 1.100882160851882841e+00 -2.425903439160158413e-03 -1.788896666448765637e-03 -3.689148754369051333e-03 -2.881432885265228054e-03 1.171681902132053893e-03 2.128434486573903273e-02 -1.930699082430042089e-03
-6.723249685703897027e-03 -6.296671735518932431e-03 6.602010800099986643e-01 -2.477396955962281756e-03 -1.306758149153346886e-03 -3.664820880316634749e-03 -2.827661015402509973e-03 6.515229374019194664e-01 1.450129085120558603e+00 -1.918564494646264693e-03
-6.463481604749046067e-03 -4.894648215570828256e-03 1.184163508743391827e-03 1.317461260483896224e+00 -1.517580592121896364e-03 -1.973263859374201415e-03 6.535896716190604458e-03 6.929675243858472201e-03 8.952585302031575848e-03 -1.054570105936504260e-03
-6.072324517379712461e-03 -5.697966884330693364e-03 -2.790616162043272133e-03 1.121357314912548205e-03 5.385498853455941703e-02 1.508039859594501779e-03 3.625162632458357737e-02 -3.533031687751229943e-03 5.028250655129569147e-01 1.249674754665884742e-02
5.774193129744493308e-03 1.681121290174196481e-02 2.072804170924548717e-01 1.204574608750498266e+00 2.750927541649393626e-02 6.135218552510387363e-02 1.050311477679815864e-01 1.277962282116273246e-02 9.094684865756744174e-02 7.887361525592158622e-04
6.096879799259913302e-01 -1.103289072839576303e-03 -6.842525703636187420e-04 4.909134584580216593e-02 -7.259088743259950027e-04 1.085276043394183855e-02 5.435616922392465244e-02 -2.013300941442301706e-03 2.183078785282888817e-03 5.406609020740500184e-03
9.534142645279157502e-02 8.554570716216429102e-03 1.434514739632292927e-04 2.399041836852065443e-02 -1.090907077483395902e-04 3.815241902134372531e-02 6.656650840749399334e-02 6.403899497187073298e-01 1.237194778699853281e-01 4.871572064360059628e-01
9.806796741976429518e-04 -3.453652729858491983e-03 -4.889120140968370928e-03 1.896527940455071740e-02 9.962822627982358473e-03 1.089727274901408915e-01 2.298299122224072618e-03 9.587347941561370074e-03 1.253764656343076211e+00 2.774978274882341708e-02
-2.177335871732037544e-03 2.370565692537829425e-03 -4.277242036277979428e-03 8.255186861577369639e-03 1.863618826376051618e-04 2.033491697784770569e-01 3.321375297726449939e-03 -3.787996317984393228e-03 2.145590898333525967e-02 1.361229651496266957e+00
