1.956411898136138916e-01 4.364948347210884094e-02 -1.208757609128952026e-01 1.020726561546325684e-01 1.228660717606544495e-01 1.299539953470230103e-01 1.718347966670989990e-01 9.385570138692855835e-02 8.109518885612487793e-02 1.315666735172271729e-01
5.924042314291000366e-02 3.117540776729583740e-01 -4.012838751077651978e-02 1.591821610927581787e-01 1.771749854087829590e-01 6.328958272933959961e-02 5.578378960490226746e-02 9.431135654449462891e-02 8.804133534431457520e-02 9.164557605981826782e-02
1.527245512988884002e-05 9.705056436359882355e-05 2.057349229289684445e-05 3.529576133587397635e-05 1.109106524381786585e-04 5.544388477574102581e-05 1.393979800923261791e-05 1.230431807925924659e-04 7.389448728645220399e-05 1.014953304547816515e-04
4.408010840415954590e-02 8.158709108829498291e-02 -2.700514495372772217e-01 2.592983543872833252e-01 1.625609993934631348e-01 1.575796008110046387e-01 3.782674297690391541e-02 1.045831888914108276e-01 9.203901886940002441e-02 1.326609551906585693e-01
-7.202492561191320419e-04 2.822739537805318832e-03 1.508024055510759354e-02 -5.836033727973699570e-03 1.768696005456149578e-03 1.679065637290477753e-03 1.160379033535718918e-03 6.305546034127473831e-03 4.672617651522159576e-03 4.725365899503231049e-03
4.863835871219635010e-02 6.624643504619598389e-02 -1.026947349309921265e-01 8.057226240634918213e-02 1.525417566299438477e-01 1.910668313503265381e-01 7.431897521018981934e-02 1.284743100404739380e-01 9.852188825607299805e-02 1.427336335182189941e-01
3.090313673019409180e-01 -9.432105347514152527e-03 -1.066794712096452713e-02 1.116003841161727905e-02 4.426966235041618347e-02 8.346529304981231689e-02 1.828662008047103882e-01 5.415189638733863831e-02 4.168205335736274719e-02 8.455280214548110962e-02
-1.482154708355665207e-03 1.333961961790919304e-03 5.393900722265243530e-02 -1.814427040517330170e-02 1.751748658716678619e-02 6.847087759524583817e-03 -5.562956444919109344e-03 6.008961051702499390e-02 2.196114696562290192e-02 2.471431903541088104e-02
3.155400278046727180e-03 3.065720666199922562e-03 5.640667676925659180e-02 -2.108520269393920898e-02 5.477993562817573547e-02 3.321288153529167175e-02 -7.913510315120220184e-03 7.671067118644714355e-02 9.189853817224502563e-02 1.583442389965057373e-01
1.686890609562397003e-02 2.491204813122749329e-02 -2.080927230417728424e-02 2.062951028347015381e-02 1.007606908679008484e-01 1.185360699892044067e-01 2.259857580065727234e-02 9.891565889120101929e-02 7.627092301845550537e-02 1.177074238657951355e-01
