8.807807462289929390e-04 2.298107865499332547e-04 1.064056297764182091e-03 -6.853704690001904964e-04 7.150353398174047470e-03 7.222764543257653713e-04 1.539162825793027878e-03 6.605386734008789062e-04 4.048497066833078861e-05 1.201510895043611526e-03 1.482873572967946529e-03 1.389231882058084011e-03 7.194116478785872459e-04 8.477676601614803076e-06 1.224769628606736660e-03
2.380563644692301750e-03 6.028647185303270817e-04 7.262500002980232239e-04 4.019833577331155539e-04 2.783277537673711777e-03 1.572765992023050785e-03 2.494809217751026154e-03 2.043781569227576256e-03 7.156473584473133087e-04 2.401338890194892883e-03 2.826336771249771118e-03 1.598658971488475800e-03 2.405350329354405403e-03 1.398292020894587040e-03 2.338454360142350197e-03
2.580927452072501183e-03 3.093657724093645811e-04 4.888314870186150074e-04 4.248751502018421888e-04 4.897723440080881119e-03 1.461830455809831619e-03 2.816638909280300140e-03 1.584337092936038971e-03 3.062245959881693125e-04 2.004228066653013229e-03 2.666230546310544014e-03 2.278584288433194160e-03 2.108709421008825302e-03 9.379137190990149975e-04 2.160246483981609344e-03
2.728639636188745499e-03 -1.408109965268522501e-04 1.853255089372396469e-03 8.466271683573722839e-03 4.598122555762529373e-03 1.958311302587389946e-03 3.837086260318756104e-03 7.811660412698984146e-03 -2.368276938796043396e-03 6.224916782230138779e-03 9.921143762767314911e-03 8.173567242920398712e-03 1.151628978550434113e-02 2.052875002846121788e-03 4.316507838666439056e-03
-2.565573342144489288e-02 1.944071426987648010e-02 2.286331355571746826e-02 -3.169681131839752197e-02 1.088154092431068420e-01 -1.659180223941802979e-02 -1.197533495724201202e-02 -1.997043006122112274e-02 -1.588483713567256927e-02 -1.543326769024133682e-02 -1.829505898058414459e-02 -1.143719255924224854e-02 -1.086173020303249359e-02 -2.657007798552513123e-02 -1.390095148235559464e-02
1.819912693463265896e-03 5.536211538128554821e-04 3.065124910790473223e-04 7.777132559567689896e-04 3.023727564141154289e-03 1.497775665484368801e-03 2.666476182639598846e-03 1.579457195475697517e-03 1.206333690788596869e-04 1.926245749928057194e-03 2.189322141930460930e-03 2.271450823172926903e-03 1.803346560336649418e-03 1.886881073005497456e-04 1.608554855920374393e-03
1.007211627438664436e-03 1.611234329175204039e-04 4.813744744751602411e-04 -2.040505642071366310e-04 5.566205363720655441e-03 1.033603330142796040e-03 1.369929406791925430e-03 9.593112044967710972e-04 2.843764377757906914e-04 1.550768502056598663e-03 1.586375408805906773e-03 1.559671247377991676e-03 1.010852400213479996e-03 5.482924752868711948e-04 1.571429544128477573e-03
7.771953823976218700e-04 9.420950664207339287e-04 1.161873457022011280e-03 -9.280371596105396748e-04 6.840759888291358948e-03 6.045434856787323952e-04 2.009976888075470924e-03 2.928888716269284487e-04 -4.668732872232794762e-04 1.120313303545117378e-03 1.613707514479756355e-03 1.580117968842387199e-03 8.205001940950751305e-04 -4.607510345522314310e-04 1.145792426541447639e-03
7.058776449412107468e-03 4.932173993438482285e-03 3.036464797332882881e-03 1.123329740948975086e-03 1.578757911920547485e-02 2.932476578280329704e-03 6.966770626604557037e-03 7.336384151130914688e-03 2.851213794201612473e-03 5.253437440842390060e-03 9.823659434914588928e-03 9.276296943426132202e-03 1.028388738632202148e-02 1.373389852233231068e-03 3.150927135720849037e-03
1.487826183438301086e-02 1.319342292845249176e-03 1.603922690264880657e-03 3.252609632909297943e-03 3.138519451022148132e-02 1.304363179951906204e-02 1.721698604524135590e-02 1.216014474630355835e-02 6.485939025878906250e-03 1.392544806003570557e-02 1.417459640651941299e-02 1.560356561094522476e-02 1.266541145741939545e-02 9.603044018149375916e-03 1.527333352714776993e-02
1.663613482378423214e-03 6.661227089352905750e-04 7.441724301315844059e-04 -1.078185741789638996e-03 7.796672172844409943e-03 1.256215851753950119e-03 1.947063021361827850e-03 5.998115520924329758e-04 3.706711286213248968e-04 1.668701646849513054e-03 1.510729431174695492e-03 2.220792928710579872e-03 1.178398029878735542e-03 -1.577513030497357249e-04 1.780175720341503620e-03
1.212921575643122196e-03 1.483043073676526546e-03 1.144458190537989140e-03 -7.643628632649779320e-04 5.584558472037315369e-03 7.276986725628376007e-04 2.227234188467264175e-03 5.628871731460094452e-04 1.083864044630900025e-04 1.472273143008351326e-03 2.046502893790602684e-03 1.791452406905591488e-03 1.650575315579771996e-03 1.382142818329157308e-05 1.755851902998983860e-03
1.252601738087832928e-03 8.381935767829418182e-04 8.203109609894454479e-04 -6.098184385336935520e-04 6.683165673166513443e-03 8.219599840231239796e-04 1.911067636683583260e-03 1.077038119547069073e-03 -1.761514286044985056e-04 1.404728158377110958e-03 1.846486818976700306e-03 1.644943840801715851e-03 1.887782011181116104e-03 -5.252438713796436787e-04 1.082996139302849770e-03
7.494686171412467957e-03 1.274685491807758808e-04 4.112484399229288101e-03 4.513800609856843948e-03 4.628223925828933716e-02 5.795453675091266632e-03 5.223816260695457458e-03 6.461338605731725693e-03 -3.216663142666220665e-03 9.394619613885879517e-03 8.889432996511459351e-03 1.063529495149850845e-02 1.137161441147327423e-02 3.040772862732410431e-03 1.103451848030090332e-02
1.540580857545137405e-02 1.628320431336760521e-03 7.894499576650559902e-04 1.513862167485058308e-03 2.914143539965152740e-02 1.067572273313999176e-02 1.647109352052211761e-02 1.016181521117687225e-02 5.714553408324718475e-03 1.357856113463640213e-02 1.401240564882755280e-02 1.519934739917516708e-02 1.066432893276214600e-02 7.551120594143867493e-03 1.391061488538980484e-02
