2.048641526808841207e-01 0.000000000000000000e+00 0.000000000000000000e+00 4.715260623412506624e-01 0.000000000000000000e+00 0.000000000000000000e+00 3.038283244886199608e-01 0.000000000000000000e+00 0.000000000000000000e+00 0.000000000000000000e+00
0.000000000000000000e+00 3.348729707234392450e-01 0.000000000000000000e+00 2.092120384923744358e-01 3.669286692610692624e-01 0.000000000000000000e+00 0.000000000000000000e+00 0.000000000000000000e+00 0.000000000000000000e+00 0.000000000000000000e+00
0.000000000000000000e+00 0.000000000000000000e+00 9.991766463015201716e-02 0.000000000000000000e+00 0.000000000000000000e+00 0.000000000000000000e+00 0.000000000000000000e+00 0.000000000000000000e+00 0.000000000000000000e+00 0.000000000000000000e+00
0.000000000000000000e+00 1.319162034123813609e-01 4.378277021360190702e-01 4.291439376696367658e-01 0.000000000000000000e+00 3.047942514966746064e-01 0.000000000000000000e+00 0.000000000000000000e+00 0.000000000000000000e+00 0.000000000000000000e+00
0.000000000000000000e+00 0.000000000000000000e+00 0.000000000000000000e+00 0.000000000000000000e+00 1.338456463927856395e-02 0.000000000000000000e+00 0.000000000000000000e+00 0.000000000000000000e+00 0.000000000000000000e+00 0.000000000000000000e+00
0.000000000000000000e+00 4.316796802322842574e-01 0.000000000000000000e+00 1.705097770728229156e-01 0.000000000000000000e+00 3.276635396059009997e-01 8.081009250039478120e-02 0.000000000000000000e+00 0.000000000000000000e+00 0.000000000000000000e+00
4.532818367090485356e-01 0.000000000000000000e+00 5.607739537359768961e-02 0.000000000000000000e+00 0.000000000000000000e+00 1.699563227575060231e-01 2.039406333078993272e-01 0.000000000000000000e+00 0.000000000000000000e+00 0.000000000000000000e+00
0.000000000000000000e+00 0.000000000000000000e+00 0.000000000000000000e+00 0.000000000000000000e+00 0.000000000000000000e+00 0.000000000000000000e+00 0.000000000000000000e+00 2.730367750133607663e-01 0.000000000000000000e+00 0.000000000000000000e+00
0.000000000000000000e+00 0.000000000000000000e+00 3.548017853443555802e-01 0.000000000000000000e+00 0.000000000000000000e+00 0.000000000000000000e+00 0.000000000000000000e+00 0.000000000000000000e+00 6.860836732015647421e-02 3.669923631470163872e-01
0.000000000000000000e+00 0.000000000000000000e+00 0.000000000000000000e+00 0.000000000000000000e+00 0.000000000000000000e+00 3.242298637838394448e-01 0.000000000000000000e+00 0.000000000000000000e+00 0.000000000000000000e+00 9.681399043106402036e-02
