2.498969922558517964e-01 3.934522495216987575e-02 9.006453994475632774e-01 1.933924938818899764e-01 7.892928672808318113e-01 4.166019193463973980e-02 1.901674780581775748e-01 5.389473511137848893e-01 2.890664016911673739e-01 1.506447301178386600e-01
1.180595503241117783e-02 2.606877488901394591e-01 9.006520636865830154e-01 1.396106004881294271e-01 8.171228525283650290e-01 9.660472465693514810e-03 0.000000000000000000e+00 5.388090747146869752e-01 2.882563303878156735e-01 1.400447216173762166e-01
0.000000000000000000e+00 0.000000000000000000e+00 9.006208060098639390e-01 0.000000000000000000e+00 7.728338494505820888e-01 0.000000000000000000e+00 0.000000000000000000e+00 4.866707186880831482e-01 1.997723796445036726e-01 2.393006988174116098e-02
2.875310693709386481e-02 3.307578634355985703e-02 9.006354229598521055e-01 3.109236910738757409e-01 7.882914964855723960e-01 1.448614110223906681e-01 1.731676005034005553e-02 5.375961502114319224e-01 2.907042673791008225e-01 1.567610563551413982e-01
0.000000000000000000e+00 0.000000000000000000e+00 9.006195571472468409e-01 0.000000000000000000e+00 7.757825741510981921e-01 0.000000000000000000e+00 0.000000000000000000e+00 4.948778242614719769e-01 2.124384614954690220e-01 3.993267387937652485e-02
4.830733867439590545e-02 3.275456049189169605e-02 9.006695273791524015e-01 4.379700236883815601e-02 7.905973300041225782e-01 6.708016118721787935e-02 6.137378216237916045e-02 5.437920012091120858e-01 3.022171290027664825e-01 1.752432118216372403e-01
3.729112760703537366e-01 9.076621146224001652e-03 9.006454517927201531e-01 6.502120189234461556e-02 7.869887985976545819e-01 3.601507941648281197e-02 1.620084407918399583e-01 5.294461559548246932e-01 2.699055056331695623e-01 1.317896237741423837e-01
0.000000000000000000e+00 0.000000000000000000e+00 9.006164302649890541e-01 0.000000000000000000e+00 7.810768751349820294e-01 0.000000000000000000e+00 0.000000000000000000e+00 5.742279022602130301e-01 2.403220513287001592e-01 7.510773194813215314e-02
0.000000000000000000e+00 0.000000000000000000e+00 9.006316935469315110e-01 0.000000000000000000e+00 7.865839579719888786e-01 0.000000000000000000e+00 0.000000000000000000e+00 5.256263980398748759e-01 3.065813270990379591e-01 2.676417685039655936e-01
9.701019074450756285e-03 2.852845570467288112e-03 9.006140417687514832e-01 1.563888768407353802e-02 7.899996147654133605e-01 3.916007546745849111e-02 1.147499910228178162e-02 5.350881978388588589e-01 2.926412568960740646e-01 1.649040844578000542e-01
