-2.626297529786825180e-03 -2.245697542093694210e-04 -4.761009011417627335e-03 -1.182431261986494064e-02 -3.507677698507905006e-03 -1.196102006360888481e-03 -2.066847402602434158e-03 -3.156358376145362854e-03 -1.113761961460113525e-02 -2.035412471741437912e-03 -6.298397667706012726e-03 -1.505226478911936283e-03 -2.158711664378643036e-03 -1.201722491532564163e-02 -4.811231046915054321e-03
-2.296341350302100182e-03 -2.866348368115723133e-04 -4.505942109972238541e-03 -1.183524634689092636e-02 -3.077405504882335663e-03 -6.265451083891093731e-04 -1.406852388754487038e-03 -3.557764459401369095e-03 -1.103777624666690826e-02 -2.374771516770124435e-03 -6.067997310310602188e-03 -1.553304842673242092e-03 -2.180417068302631378e-03 -1.155504304915666580e-02 -4.791265819221735001e-03
-2.964603248983621597e-03 -2.724388905335217714e-04 -4.686143249273300171e-03 -1.280915364623069763e-02 -3.581352299079298973e-03 -7.887672400102019310e-04 -2.025071298703551292e-03 -2.519130008295178413e-03 -1.184045244008302689e-02 -2.584277186542749405e-03 -6.492534186691045761e-03 -1.676694373600184917e-03 -1.970783574506640434e-03 -1.293697487562894821e-02 -5.278128199279308319e-03
-8.703926578164100647e-03 -4.235313273966312408e-03 -2.261282317340373993e-02 -6.030527874827384949e-02 -1.803953200578689575e-02 -5.998625420033931732e-03 -1.164925750344991684e-02 -1.743322797119617462e-02 -5.673964694142341614e-02 -7.268871646374464035e-03 -3.249177336692810059e-02 -5.556881427764892578e-03 -1.099245063960552216e-02 -5.887245386838912964e-02 -2.254176512360572815e-02
-9.555490687489509583e-03 -2.253846178064122796e-04 -1.725137419998645782e-02 -5.679647251963615417e-02 -9.726749733090400696e-03 3.356845409143716097e-04 -3.460667794570326805e-03 -1.098218280822038651e-02 -5.124373361468315125e-02 -9.705952368676662445e-03 -2.576055936515331268e-02 -6.121218204498291016e-03 -8.767878636717796326e-03 -5.615178123116493225e-02 -2.239521592855453491e-02
-1.940850866958498955e-03 -9.664184472057968378e-05 -4.034235607832670212e-03 -1.031713746488094330e-02 -3.065098542720079422e-03 -8.047747542150318623e-04 -1.729453215375542641e-03 -2.465979428961873055e-03 -9.532295167446136475e-03 -1.809772918932139874e-03 -5.186578724533319473e-03 -1.036355737596750259e-03 -1.921937451697885990e-03 -1.012510713189840317e-02 -4.120855126529932022e-03
-2.255231840535998344e-03 -3.360956034157425165e-04 -4.699308425188064575e-03 -1.251907274127006531e-02 -3.144461428746581078e-03 -7.378872833214700222e-04 -1.560005126520991325e-03 -2.140330150723457336e-03 -1.096162199974060059e-02 -2.208178862929344177e-03 -6.155665032565593719e-03 -1.621474162675440311e-03 -2.258867491036653519e-03 -1.250143349170684814e-02 -5.117461085319519043e-03
-2.336581004783511162e-03 -4.170194151811301708e-04 -4.598557017743587494e-03 -1.188374683260917664e-02 -3.309281310066580772e-03 -8.707365486770868301e-04 -1.741693937219679356e-03 -3.011200577020645142e-03 -1.109260227531194687e-02 -2.212810562923550606e-03 -6.125987507402896881e-03 -1.310789957642555237e-03 -2.004173817113041878e-03 -1.196665316820144653e-02 -4.811294376850128174e-03
-9.054761379957199097e-03 -5.866669816896319389e-04 -1.995641179382801056e-02 -5.462841689586639404e-02 -1.251684874296188354e-02 2.902474487200379372e-03 -4.492454230785369873e-03 -1.293179579079151154e-02 -5.017595738172531128e-02 -1.091488078236579895e-02 -2.649732492864131927e-02 -3.974507562816143036e-03 -4.471655003726482391e-03 -5.555784702301025391e-02 -2.007810026407241821e-02
-7.976687513291835785e-03 1.266159233637154102e-04 -1.944993063807487488e-02 -5.553295090794563293e-02 -1.381469517946243286e-02 -1.906000310555100441e-03 -6.361318286508321762e-03 -1.141546573489904404e-02 -4.874169453978538513e-02 -3.255523915868252516e-04 -2.654683031141757965e-02 -5.325095728039741516e-03 -8.232407271862030029e-03 -5.098482966423034668e-02 -1.832613348960876465e-02
-2.070173155516386032e-03 -1.388354867231100798e-04 -4.323801491409540176e-03 -1.163133233785629272e-02 -2.992476103827357292e-03 -9.254521573893725872e-04 -1.515478477813303471e-03 -2.313321456313133240e-03 -9.974328801035881042e-03 -1.938926987349987030e-03 -5.606532562524080276e-03 -1.870140200480818748e-03 -2.451718784868717194e-03 -1.098339632153511047e-02 -4.613404162228107452e-03
-2.156104659661650658e-03 -2.999244316015392542e-04 -4.602806176990270615e-03 -1.237525697797536850e-02 -2.785255201160907745e-03 -4.967661225236952305e-04 -1.229414250701665878e-03 -2.524209208786487579e-03 -1.113410666584968567e-02 -2.267891308292746544e-03 -6.078272592276334763e-03 -1.605484751053154469e-03 -1.942456117831170559e-03 -1.246500946581363678e-02 -4.697586409747600555e-03
-2.062564017251133919e-03 -2.200965682277455926e-04 -4.669328685849905014e-03 -1.092496514320373535e-02 -2.933960640802979469e-03 -1.050065853632986546e-03 -1.557895215228199959e-03 -2.607268979772925377e-03 -1.007208880037069321e-02 -1.332622719928622246e-03 -5.825841799378395081e-03 -1.253549591638147831e-03 -1.609605853445827961e-03 -1.129333395510911942e-02 -4.216920584440231323e-03
-1.191722974181175232e-02 -3.788482630625367165e-03 -2.001083455979824066e-02 -7.194184511899948120e-02 -1.834622211754322052e-02 2.082683145999908447e-03 -9.553056210279464722e-03 -1.727381162345409393e-02 -6.504399329423904419e-02 -1.524992752820253372e-02 -3.410294651985168457e-02 -4.138040356338024139e-03 -9.522064588963985443e-03 -6.634953618049621582e-02 -3.069587051868438721e-02
-9.561061859130859375e-03 -7.502645603381097317e-04 -1.981382444500923157e-02 -5.715779215097427368e-02 -1.342348847538232803e-02 -1.863484038040041924e-03 -6.048920564353466034e-03 -1.108507718890905380e-02 -5.151453241705894470e-02 -6.673248950392007828e-03 -2.683903649449348450e-02 -6.667201872915029526e-03 -8.508390747010707855e-03 -5.673623457551002502e-02 -2.109042927622795105e-02
