-3.760245814919471741e-02 2.279778243973851204e-03 1.688436605036258698e-02 -2.072801580652594566e-03 1.051279008388519287e-01 -8.460556273348629475e-04 -9.877738542854785919e-03 2.733602887019515038e-03 -1.005107071250677109e-02 -8.484696038067340851e-03 8.377821068279445171e-04 2.103433478623628616e-03 -1.591582084074616432e-03 1.215210091322660446e-02 -3.173056466039270163e-04
-3.858788311481475830e-02 8.335609920322895050e-03 1.294600684195756912e-02 -6.895202095620334148e-04 7.957626879215240479e-02 2.128971042111515999e-03 -6.463647354394197464e-03 7.204989669844508171e-04 -1.063170563429594040e-02 -1.992039382457733154e-02 1.176767284050583839e-03 2.143960591638460755e-04 6.268626311793923378e-04 1.310498919337987900e-02 -1.169327646493911743e-03
-3.324056044220924377e-02 6.473094224929809570e-03 1.761218719184398651e-02 -6.776195485144853592e-03 2.574964240193367004e-02 2.437525894492864609e-03 -3.510957583785057068e-03 3.069559577852487564e-03 1.200542203150689602e-03 9.745956398546695709e-03 1.676148967817425728e-03 2.827857621014118195e-03 1.139996456913650036e-03 2.739872969686985016e-02 9.762621630216017365e-05
-1.297616064548492432e-01 -6.023152265697717667e-03 -2.031219936907291412e-02 5.648952722549438477e-01 4.436806589365005493e-02 1.006736382842063904e-01 3.784156963229179382e-02 8.519239723682403564e-02 1.394745409488677979e-01 -1.125983670353889465e-01 3.381178528070449829e-02 9.303987026214599609e-02 7.105490565299987793e-02 -7.976084202527999878e-02 -9.376695752143859863e-02
-3.796911612153053284e-02 -3.010388650000095367e-02 6.155401095747947693e-02 1.207698881626129150e-02 1.109339118003845215e+00 -5.162682011723518372e-02 -4.332970827817916870e-02 4.223904013633728027e-02 -1.211352571845054626e-01 7.665953598916530609e-03 1.431254949420690536e-02 8.578232489526271820e-03 -1.667221263051033020e-02 -7.372460514307022095e-02 -5.000945180654525757e-03
-3.975376486778259277e-02 -5.290523171424865723e-03 1.455772761255502701e-02 -3.624379867687821388e-03 -7.825594395399093628e-03 1.753421965986490250e-03 -2.461180090904235840e-03 1.131095550954341888e-02 5.189881660044193268e-03 6.889683753252029419e-02 -2.219880931079387665e-03 3.650613827630877495e-03 -2.976637333631515503e-03 3.893682034686207771e-03 -7.442037109285593033e-03
-4.048208519816398621e-02 -6.406798027455806732e-03 1.623618416488170624e-02 -4.092017654329538345e-03 -1.901898649521172047e-04 -1.081510345102287829e-04 -4.643533844500780106e-03 9.719997644424438477e-03 5.592959467321634293e-03 7.278915494680404663e-02 -2.934268442913889885e-03 1.421207212843000889e-03 -4.356529563665390015e-03 6.236570887267589569e-03 -2.144269831478595734e-02
-4.196392372250556946e-02 1.384403090924024582e-03 1.659270562231540680e-02 -1.449872087687253952e-02 9.084492921829223633e-03 -2.758119953796267509e-04 -8.202986791729927063e-03 3.819750854745507240e-03 7.156053557991981506e-03 3.371561318635940552e-02 -1.016092253848910332e-03 2.405544277280569077e-03 -8.483453420922160149e-04 1.108169462531805038e-02 6.623368710279464722e-03
-9.933163970708847046e-02 1.000275537371635437e-01 8.914464712142944336e-02 1.667931377887725830e-01 -1.728256046772003174e-01 1.111999899148941040e-01 6.804372370243072510e-02 7.522617280483245850e-02 4.374157488346099854e-01 -4.498830065131187439e-02 2.685781009495258331e-02 6.881831586360931396e-02 9.896795451641082764e-02 -2.486787177622318268e-02 -6.149875000119209290e-02
-9.992121905088424683e-02 -1.168101429939270020e-01 7.072941958904266357e-02 -7.317242026329040527e-02 5.124240648001432419e-03 -8.415347337722778320e-02 -4.399437084794044495e-02 1.088686212897300720e-01 3.100645728409290314e-03 8.727383017539978027e-01 -2.781856246292591095e-02 -2.882152795791625977e-03 -4.005668312311172485e-02 -8.890482783317565918e-02 3.053529001772403717e-02
-3.599267080426216125e-02 4.947166424244642258e-03 4.164784681051969528e-03 -7.006513420492410660e-03 2.068115398287773132e-03 -4.866182338446378708e-03 -1.732138916850090027e-02 2.880058600567281246e-04 1.952507533133029938e-03 -1.291314692934975028e-04 1.643662340939044952e-03 4.351639654487371445e-03 6.361287552863359451e-03 -3.866199636831879616e-03 8.816975355148315430e-02
-2.902692183852195740e-02 5.786457099020481110e-03 5.967112723737955093e-03 -3.998943604528903961e-03 1.206126343458890915e-02 -6.380450911819934845e-03 -1.265666261315345764e-02 1.714330981485545635e-03 3.349839942529797554e-03 -7.714765524724498391e-05 2.662038197740912437e-03 2.453829394653439522e-03 5.385164637118577957e-03 2.502806251868605614e-03 8.061096817255020142e-02
-3.434001654386520386e-02 7.120256312191486359e-03 1.077404990792274475e-02 1.483357162214815617e-03 2.192092826589941978e-03 5.588953848928213120e-03 -2.975877141579985619e-03 4.595966078341007233e-03 8.218745701014995575e-03 -3.750246716663241386e-03 2.387299668043851852e-03 2.853471320122480392e-03 6.546595599502325058e-03 1.430014986544847488e-02 1.648096553981304169e-02
-1.181173771619796753e-01 7.389889657497406006e-02 1.724816560745239258e-01 -1.407608538866043091e-01 6.198965013027191162e-03 2.938995882868766785e-02 -3.017766214907169342e-02 -5.342930555343627930e-02 -6.746164709329605103e-02 -4.950433596968650818e-02 4.103125259280204773e-02 -4.955532029271125793e-03 -7.015178911387920380e-03 7.353519797325134277e-01 -6.811420619487762451e-02
-3.779787942767143250e-02 6.835154723376035690e-03 -2.104100584983825684e-02 -4.038798809051513672e-02 2.483694627881050110e-02 -8.197173476219177246e-02 -9.656591713428497314e-02 6.872960831969976425e-03 1.701352070085704327e-03 -1.874423399567604065e-02 2.212593145668506622e-02 4.736338742077350616e-03 4.565013945102691650e-02 -5.680391192436218262e-02 8.745393753051757812e-01
