8.122509345412254333e-03 9.527293965220451355e-03 1.102338824421167374e-02 8.336453698575496674e-03 5.856738425791263580e-03 3.069941326975822449e-02 3.824985399842262268e-02 1.753545738756656647e-02 8.159116841852664948e-03 1.340605411678552628e-02 1.940130814909934998e-02 1.908890716731548309e-02 8.033319376409053802e-03 8.646683767437934875e-03 7.305767387151718140e-03
8.892677724361419678e-03 1.168397627770900726e-02 1.216067932546138763e-02 9.035564959049224854e-03 7.070422638207674026e-03 2.815664745867252350e-02 3.499202430248260498e-02 1.594378426671028137e-02 8.429560810327529907e-03 1.008336432278156281e-02 1.936477608978748322e-02 1.924119517207145691e-02 1.072968821972608566e-02 9.560038335621356964e-03 7.426523137837648392e-03
4.091097507625818253e-03 5.652886815369129181e-03 9.031578898429870605e-03 7.610606029629707336e-03 3.921586554497480392e-03 3.832242265343666077e-02 4.675451666116714478e-02 1.855807751417160034e-02 7.257604971528053284e-03 1.609244197607040405e-02 2.135588601231575012e-02 2.170019038021564484e-02 8.944390341639518738e-03 7.995884865522384644e-03 8.675223216414451599e-03
9.726831316947937012e-02 1.209222599864006042e-01 6.683555245399475098e-02 5.669810250401496887e-02 5.107796564698219299e-02 1.857687383890151978e-01 3.015822172164916992e-01 1.372869610786437988e-01 5.277418717741966248e-02 5.128974467515945435e-02 1.303727775812149048e-01 1.249147504568099976e-01 4.263931885361671448e-02 5.917223542928695679e-02 4.797469079494476318e-02
8.682566881179809570e-01 9.867052435874938965e-01 2.739038467407226562e-01 -9.437511116266250610e-02 4.627284109592437744e-01 -1.206783652305603027e-01 -1.227273494005203247e-01 2.544298395514488220e-02 -1.063938140869140625e-01 -9.153582155704498291e-02 -5.130510032176971436e-02 1.596186682581901550e-02 -6.418134272098541260e-02 -9.906236827373504639e-02 -1.020710393786430359e-01
4.263450391590595245e-03 6.661503110080957413e-03 8.853255771100521088e-03 9.078363887965679169e-03 5.836634431034326553e-03 3.783562406897544861e-02 5.698354914784431458e-02 2.282987721264362335e-02 8.528191596269607544e-03 1.246206182986497879e-02 2.827648818492889404e-02 2.585588209331035614e-02 1.085304655134677887e-02 9.392544627189636230e-03 1.203174237161874771e-02
1.326844096183776855e-02 1.695738919079303741e-02 1.015395577996969223e-02 9.640648029744625092e-03 6.384214852005243301e-03 1.845998317003250122e-02 2.843223325908184052e-02 1.528039388358592987e-02 9.623379446566104889e-03 3.659772686660289764e-03 2.002502232789993286e-02 1.992073468863964081e-02 1.010250672698020935e-02 1.028676610440015793e-02 8.319210261106491089e-03
2.084640040993690491e-02 2.570526115596294403e-02 1.317820325493812561e-02 7.038261741399765015e-03 1.096395403146743774e-02 2.335106208920478821e-02 3.535070642828941345e-02 1.661722362041473389e-02 6.477504037320613861e-03 5.611772648990154266e-03 2.510371431708335876e-02 2.512343972921371460e-02 1.000845618546009064e-02 7.583057042211294174e-03 1.046401262283325195e-02
3.575787693262100220e-02 4.326243326067924500e-02 6.341647356748580933e-02 4.731302708387374878e-02 3.687620535492897034e-02 2.045335918664932251e-01 2.585344910621643066e-01 1.082101315259933472e-01 4.490555077791213989e-02 8.165962249040603638e-02 6.765257567167282104e-02 6.242027506232261658e-02 6.102227047085762024e-02 5.002167820930480957e-02 3.206478431820869446e-02
-7.290090620517730713e-02 -9.484831243753433228e-02 2.390774711966514587e-02 2.446421240165363997e-05 1.214496605098247528e-02 7.315549850463867188e-01 9.985390901565551758e-01 2.730358839035034180e-01 -5.079484079033136368e-03 4.603629112243652344e-01 3.559684008359909058e-02 4.798313230276107788e-02 -2.843123115599155426e-02 -6.529528181999921799e-03 5.442239344120025635e-04
1.158871129155158997e-02 1.470748428255319595e-02 1.006081793457269669e-02 7.082264404743909836e-03 6.490355357527732849e-03 2.605374343693256378e-02 3.633147105574607849e-02 1.659515500068664551e-02 6.686135660856962204e-03 7.977176457643508911e-03 2.248769253492355347e-02 2.261785045266151428e-02 1.047242898494005203e-02 7.628106046468019485e-03 9.832621552050113678e-03
1.555579248815774918e-02 1.917564310133457184e-02 1.244033314287662506e-02 6.098573096096515656e-03 9.669856168329715729e-03 2.947375178337097168e-02 4.093666374683380127e-02 1.754546165466308594e-02 5.405027884989976883e-03 9.501961991190910339e-03 3.072709217667579651e-02 3.001960739493370056e-02 8.659495040774345398e-03 6.594467442482709885e-03 1.223150547593832016e-02
1.994134299457073212e-02 2.460018545389175415e-02 1.243217848241329193e-02 7.208246737718582153e-03 1.046228688210248947e-02 2.377380058169364929e-02 3.579002991318702698e-02 1.691696792840957642e-02 6.818604655563831329e-03 5.474833305925130844e-03 2.224035188555717468e-02 2.255376055836677551e-02 9.945785626769065857e-03 7.868743501603603363e-03 9.610086679458618164e-03
1.222187504172325134e-01 1.468884199857711792e-01 7.746940106153488159e-02 5.900014564394950867e-02 5.328523367643356323e-02 2.024714499711990356e-01 2.865721583366394043e-01 1.372702717781066895e-01 5.771866440773010254e-02 7.399495691061019897e-02 1.422277092933654785e-01 1.522276848554611206e-01 4.067088291049003601e-02 6.369147449731826782e-02 5.059298872947692871e-02
3.063867241144180298e-02 3.860767185688018799e-02 3.033176437020301819e-02 -1.930638030171394348e-02 3.600345691666007042e-03 9.056595712900161743e-02 6.345113366842269897e-02 2.262352034449577332e-02 -2.636768482625484467e-02 2.349050529301166534e-02 8.900831937789916992e-01 8.565559387207031250e-01 6.507649272680282593e-02 -1.310671400278806686e-02 4.452551901340484619e-01
