-9.859812056287392198e-04 -3.758224234295004951e-04 4.170187670677536623e-02 -9.729823309540617388e-03 -4.353707120064534766e-03 1.021325773582153207e-03 -1.363996638044937260e-01 1.046767777147982956e-02 -1.169856737704721289e-02 -4.310593619082713629e-03 1.726651154843231450e-01 -1.123180055870121128e-03 3.112981013448903357e-03 -9.743205060534762540e-03 -4.417717927759936408e-03
-9.843944223268123912e-04 -4.179670710293265090e-02 -3.059057780951766545e-02 -9.729823053268471522e-03 -4.023206877694819258e-03 -9.744987307885651529e-04 8.589289224435383424e-03 -1.032593704051252247e-02 -9.812288801324411947e-03 -4.310860529349459791e-03 -3.086689887656193787e-02 3.069327256749188049e-01 -6.030741376702919345e-04 -9.751892776841315086e-03 -4.409515683497440205e-03
-9.842946841685767511e-04 -9.850208804684274129e-04 -9.767925203854523758e-04 -9.730164175576597879e-03 -4.353704366072573204e-03 -9.745826414234615327e-04 -8.916789315388737314e-04 -9.726573396990078908e-04 8.817929778341676572e-02 -4.312522279191139882e-03 -9.659655424197628043e-04 -9.864504072006569178e-04 -1.010993165814842937e-03 -9.553670332855576652e-03 -4.409058821596693878e-03
1.828461134454657105e-02 1.353954155147282790e-01 1.695854113240077843e-01 -8.394304482576215101e-03 -3.013739415235210019e-03 -7.682639829410978054e-04 2.639803183366015160e-01 1.524201432510960130e-01 -2.047534623964251520e-03 1.238013167627822694e-02 6.701267637248628506e-02 -7.182616571583813007e-04 6.882268325993605440e-02 -7.091085805822208016e-03 9.656081333046019968e-03
1.901104790475498074e+00 1.813560287368576329e+00 5.042328859150218001e-01 -9.729822247094135901e-03 1.013228470657640212e+00 1.173261455840160679e-02 3.071452024379884779e-02 -9.718413230082569498e-04 -9.812287133234391667e-03 -4.310753318902928871e-03 1.875221616325413454e-02 -9.864207674651274786e-04 -1.011752265074063271e-03 -9.751302369252520807e-03 5.363307817231794707e-04
2.776900021996193176e-05 -9.839805979033006220e-04 -4.361239421003362642e-03 -9.692304493807889221e-03 -4.353558448787455543e-03 6.061018422534304728e-02 -1.017843032573965273e-03 3.899211802575913155e-01 -9.812295926821937297e-03 2.813320809047149818e-02 -9.679375821051055314e-04 5.024435522426932282e-02 -1.184583216192587780e-02 -9.282963556078743794e-03 -4.411237296638274852e-03
-6.954568542406246168e-02 2.939231231963252355e+01 -9.767305256424348332e-04 -9.730479635398581184e-03 -4.355920883345494946e-03 4.180211707712726960e-02 -9.908898477584120873e-04 -9.701101491202018031e-04 -9.789486135603233524e-03 -4.524404070219267132e-03 -9.933008519294346788e-04 -1.395614668844549211e-01 2.350088782474629105e-03 -9.680460120109824970e-03 -4.413861395358798477e-03
-9.844837311435410826e-04 -6.663800157399394838e-03 -9.763889966929010806e-04 -9.729822787797600542e-03 -4.353527527184496843e-03 -9.745676642738861908e-04 3.706561298034269369e-01 -9.717312312458807177e-04 -9.812293119760982091e-03 -4.332870858632390833e-03 -9.688964086610580249e-04 -9.863551971424832851e-04 -1.010751488579714284e-03 -9.751318588240586588e-03 -4.409014096201586790e-03
6.754242398321559648e-02 2.516021116270962879e-02 1.414541910005097658e-01 -8.654928153311463451e-03 -3.103349324162686315e-03 4.034866103691043399e-03 1.998396139842270880e-01 3.247837862954650739e-02 -5.529284417060115371e-03 -3.240575237043744321e-03 1.231876285210547800e-04 1.205647046578811055e-01 1.290592403109200315e-01 -8.522826777490792940e-03 -2.701685582382853425e-03
9.293599046413504594e-03 -9.838284768895978662e-04 1.161621466525950691e-02 -9.729822068325245585e-03 -4.353373432723038616e-03 1.878885231735059724e+00 1.928861092255711451e+00 5.041174298571047263e-01 -9.812286709363165355e-03 9.736528386316711803e-01 1.182951810829803094e-02 -9.864168227567138292e-04 5.365345204047019395e-02 -9.751318428503174054e-03 3.262097800421644590e-03
-9.786988759551817213e-04 -9.887061986029381348e-04 -8.092208345604086622e-04 -9.729821130112776065e-03 -4.353600490396958289e-03 -9.747067312613412905e-04 -9.739689124685894797e-04 -9.723703170662559162e-04 4.176023822293341986e-03 -4.310634062365755609e-03 -9.578098960055872208e-04 6.516959400737316714e-03 -9.769943409924284304e-04 -9.751231752920690166e-03 -4.409088899546928508e-03
2.402376278054237525e-03 -9.836433351418159658e-04 -9.767850252610536452e-04 -9.729822986898334705e-03 -4.353655245122876535e-03 -4.104894601754380257e-03 -9.738829557641113252e-04 -9.690599556864593110e-04 -9.812406890920874480e-03 -4.310888163016785533e-03 -9.662505780963888879e-04 -9.864253428076919308e-04 -2.042176691802305693e-04 -9.774707359125644687e-03 -4.409343156751086533e-03
-4.796987698863849556e-03 -9.838586013038764806e-04 -9.767931658569307257e-04 -9.034076122617272497e-03 -4.353832944224212895e-03 -9.735683309277276716e-04 4.591734657940663850e-03 4.278702790692036295e+00 -9.812288503423607228e-03 -4.310850057098514036e-03 -9.662518834084056745e-04 -8.765955674633383416e-04 -1.011750889412886718e-03 -9.731854450820585575e-03 -4.409090530844431838e-03
5.173734384027049021e-02 1.242475421484835196e-01 2.814874713810288087e-01 3.159341232726372867e-03 6.166646951706569735e-02 3.150066777927522377e-02 1.523075888748861850e-01 1.323716359429393807e-01 -5.529593454723764900e-03 2.646423158131755785e-02 8.109527681478950756e-02 5.340639696036529604e-02 1.913488737223850407e-03 -7.210189546486066997e-03 -1.815061097902534362e-03
-9.465699800477727233e-04 4.046859947195100005e-03 4.191842642581210948e-02 -9.177958277744055135e-03 -4.844552053674330838e-04 8.045843070634099703e-02 -6.104889433787921444e-04 -9.495000195021588256e-04 -9.805377061619022921e-03 -2.675377576282151823e-03 1.971616885284469101e+00 1.953162080500418618e+00 4.648227820156069501e-01 -9.751317962693448194e-03 9.800874984742659057e-01
