7.784800138324499130e-03 7.167113479226827621e-03 1.167887821793556213e-02 7.869397290050983429e-03 5.809477530419826508e-03 2.965282276272773743e-02 2.422538027167320251e-02 1.752991229295730591e-02 6.083749234676361084e-03 1.265493594110012054e-02 1.513590849936008453e-02 1.315897051244974136e-02 6.856946740299463272e-03 7.210049312561750412e-03 3.799886209890246391e-03
7.380826398730278015e-03 8.185557089745998383e-03 1.344701088964939117e-02 1.085004769265651703e-02 6.917052902281284332e-03 2.378104440867900848e-02 2.020045556128025055e-02 1.860461384057998657e-02 8.429149165749549866e-03 1.054032985121011734e-02 -1.419108361005783081e-03 -8.974049706012010574e-04 8.529925718903541565e-03 9.880031459033489227e-03 -2.468695165589451790e-03
3.562235273420810699e-03 3.926934208720922470e-03 1.075872126966714859e-02 8.286721073091030121e-03 4.317683633416891098e-03 3.545716032385826111e-02 2.899289131164550781e-02 1.979907602071762085e-02 6.056006997823715210e-03 1.521428022533655167e-02 1.055863965302705765e-02 1.056454889476299286e-02 7.661890704184770584e-03 7.591031026095151901e-03 2.485232660546898842e-03
1.063956469297409058e-01 1.371654272079467773e-01 5.491676926612854004e-02 5.763544514775276184e-02 4.415344446897506714e-02 4.216883704066276550e-02 7.974997907876968384e-02 1.120663136243820190e-01 4.511944577097892761e-02 6.911456584930419922e-02 9.970092028379440308e-02 7.587905973196029663e-02 3.410686552524566650e-02 5.330482497811317444e-02 2.577923052012920380e-02
9.178356528282165527e-01 9.962112903594970703e-01 2.154874652624130249e-01 -7.304161041975021362e-02 4.148236215114593506e-01 -9.968401491641998291e-02 -6.330196559429168701e-02 -1.155298389494419098e-02 -9.960964322090148926e-02 -9.355630725622177124e-02 -1.418748050928115845e-01 -8.199727535247802734e-02 -5.809130892157554626e-02 -8.076021820306777954e-02 -1.307284533977508545e-01
1.135505642741918564e-02 1.358845178037881851e-02 1.181191857904195786e-02 8.418635465204715729e-03 7.743522524833679199e-03 1.900290697813034058e-02 2.113106288015842438e-02 2.150061540305614471e-02 6.225647870451211929e-03 1.501817721873521805e-02 2.359067648649215698e-02 1.838771812617778778e-02 1.034733746200799942e-02 7.742649409919977188e-03 8.030393160879611969e-03
1.804130524396896362e-02 2.195053175091743469e-02 1.255997363477945328e-02 9.512435644865036011e-03 8.445305749773979187e-03 8.460990153253078461e-03 9.540421888232231140e-03 1.605715416371822357e-02 7.392225787043571472e-03 6.036601960659027100e-03 1.367333251982927322e-02 1.206692773848772049e-02 9.239159524440765381e-03 8.791902102530002594e-03 3.721020184457302094e-03
1.910214684903621674e-02 2.249067462980747223e-02 1.293366309255361557e-02 7.000191602855920792e-03 9.465526789426803589e-03 1.594205573201179504e-02 1.642814278602600098e-02 1.741392724215984344e-02 4.670512396842241287e-03 1.008678693324327469e-02 1.666598953306674957e-02 1.467495877295732498e-02 8.969504386186599731e-03 6.424867548048496246e-03 5.189108196645975113e-03
2.308098785579204559e-02 1.064665801823139191e-02 6.699826568365097046e-02 4.461485147476196289e-02 2.452025376260280609e-02 1.649935692548751831e-01 1.246291548013687134e-01 9.687858819961547852e-02 3.569858148694038391e-02 5.868181213736534119e-02 1.372235268354415894e-02 1.764468289911746979e-02 4.820100590586662292e-02 4.639726877212524414e-02 2.285571303218603134e-03
-5.176589265465736389e-02 -6.723673641681671143e-02 2.578921988606452942e-02 4.770511761307716370e-03 2.090456429868936539e-03 5.952253937721252441e-01 6.251651644706726074e-01 2.610498964786529541e-01 -3.495924640446901321e-03 5.070961713790893555e-01 2.903090789914131165e-02 3.934208303689956665e-02 -1.024346705526113510e-02 -3.402823116630315781e-03 -2.714438596740365028e-03
1.062239706516265869e-02 1.269777584820985794e-02 1.176547817885875702e-02 7.660693023353815079e-03 5.736920051276683807e-03 1.590147055685520172e-02 1.454435940831899643e-02 1.622723601758480072e-02 5.749942734837532043e-03 8.162211626768112183e-03 1.500428095459938049e-02 1.461406610906124115e-02 1.128215063363313675e-02 7.372070103883743286e-03 5.565645638853311539e-03
1.418947149068117142e-02 1.613776013255119324e-02 1.240329351276159286e-02 7.611438166350126266e-03 8.537809364497661591e-03 2.378861419856548309e-02 2.262548543512821198e-02 1.942929998040199280e-02 5.394617095589637756e-03 1.364170294255018234e-02 1.700887829065322876e-02 1.406130939722061157e-02 7.522642146795988083e-03 6.996455602347850800e-03 4.574208520352840424e-03
1.972537860274314880e-02 2.303513884544372559e-02 1.235118787735700607e-02 7.002652622759342194e-03 9.030461311340332031e-03 1.910787075757980347e-02 2.036700025200843811e-02 2.020671218633651733e-02 4.888354800641536713e-03 1.302284374833106995e-02 1.027368102222681046e-02 1.016281358897686005e-02 7.929570972919464111e-03 6.708199158310890198e-03 2.805831609293818474e-03
1.272925436496734619e-01 1.592756062746047974e-01 6.683095544576644897e-02 6.032838299870491028e-02 5.322288721799850464e-02 7.568106055259704590e-02 9.950151294469833374e-02 1.102477163076400757e-01 4.845814034342765808e-02 7.720728963613510132e-02 1.255359351634979248e-01 1.110426038503646851e-01 3.524946048855781555e-02 5.573357269167900085e-02 3.259835764765739441e-02
-5.593856330960988998e-03 1.094018574804067612e-02 3.035415336489677429e-02 -2.152525447309017181e-02 6.539630237966775894e-03 1.170168817043304443e-01 5.263453722000122070e-02 2.149557881057262421e-02 -2.882885374128818512e-02 1.042111497372388840e-02 9.340949058532714844e-01 7.724032402038574219e-01 1.062369421124458313e-01 -1.284681633114814758e-02 4.190661609172821045e-01
