-3.838618543166933406e-01 -2.271452220244997433e-02 -6.344988715560166526e+00 1.402205246897818558e+00 -5.900117873203051394e-03 -2.158335192775637235e-02 1.083860907618126923e+00 -6.249106962748261253e-03 -1.187752822711655651e-02 -1.558526276756096521e-02
-2.863641910610332381e-02 7.107024898430658322e-01 3.977191313918927218e+00 4.578548714328593561e-01 9.562355513175956334e-01 -2.158335815819360792e-02 -2.371182156668900226e-02 -6.250402449960525825e-03 -1.173763205350349462e-02 -1.558526152493373840e-02
-2.863642406412390123e-02 -2.257151889820712548e-02 -1.734833093122162877e-06 -2.192149125037284180e-02 -1.972690174407623360e-03 -2.158335299987305944e-02 -2.371181912287095156e-02 -6.250400194571515723e-03 -1.187752937918772587e-02 -1.558526039464228942e-02
-2.863642398477546716e-02 -2.257169132276650586e-02 8.172994597657012861e+00 6.957854336276007245e+00 1.215450531668196745e-03 3.405785545872294096e-01 -2.319873870488687803e-02 -3.030185923394884462e+00 -1.187752582773042749e-02 -1.568865395279997813e-02
-2.863642414750140752e-02 -2.257151947345302501e-02 4.745832783527670906e-01 -2.192149125734113579e-02 -1.972471931346021085e-03 -2.158335359207805976e-02 -2.371181931404357790e-02 -6.250386344028417002e-03 -1.187752892873085962e-02 -1.558526011956109548e-02
-5.622141973029518708e-04 5.201479319852629901e-01 1.053684184252022149e+00 1.959380141117864904e-01 2.845326229308262067e-02 5.964482584099283224e-01 1.907188897567168306e-01 7.449466633951152932e-03 2.161624001457512767e-02 1.039592078796526368e-03
2.768582000748112670e-01 -2.257151779067861908e-02 -1.498545421451570744e-04 2.493204965024374553e-01 -1.972710557710689611e-03 -2.239490338601075881e-02 8.526966034825224083e-01 -6.251054419851633306e-03 -1.187755045915696653e-02 -1.558526054006855940e-02
-2.863642849417047734e-02 -2.257151353214085013e-02 2.436879007457131596e+00 -2.192148433231382032e-02 -2.277703821012964924e-03 -2.158335541845230604e-02 -2.371181722493466426e-02 6.735725837337708244e-01 -1.187821357130416054e-02 -1.558528354859379898e-02
-2.863642381929154199e-02 -2.257158040079789221e-02 9.296231207693306242e-01 -2.192146601435544101e-02 -1.972690138925058990e-03 -2.158335305521054751e-02 -2.371181928736505740e-02 -6.250398363628063315e-03 -1.187753451617523485e-02 8.291974914009658804e-01
9.878068230455379004e-04 1.902338204309642414e-02 1.119632161517138513e+00 -7.808243847759728171e-03 3.818110239547704843e-02 5.797973237003962721e-01 -4.739370035824544414e-03 -2.437185738664605743e-03 -1.136635685115512662e-02 1.568012220066665463e-01
