-4.905095229065825927e-04 2.129175438019554820e-02 8.913757950323497603e-02 -4.592852537490097267e-03 2.676045424853575883e-01 9.864742604071807808e-01 2.086098591812973052e-02 1.283207180523364910e+00 1.694393054430572976e-01 -2.229971720351317088e-03
4.755133978982711666e-03 1.879580903416995241e-01 7.768241625294330151e-04 3.190046989752768902e-01 -1.434994127836579630e-03 -5.000497735126133592e-04 2.561347737979206233e-03 2.559620699014095724e-01 1.056602614135253304e-02 -1.817836608442940103e-03
-4.905095206143462051e-04 4.994913216956656937e-02 4.729740331452571972e-02 -3.795510090465010686e-04 5.757139760226334235e-04 2.387105261065428758e-04 1.821229808135825870e-02 3.226359268585185514e-02 -4.990856956994756122e-03 1.048289165092349071e-03
1.779588406746903436e-03 3.484792497464526684e-01 1.020198025645310119e-01 4.242783850818557245e-02 4.826040200670080438e+00 3.658090949892431443e+00 1.825324026954130874e+00 5.897338053453556744e-02 1.911209711064711936e+00 5.065183894767258943e-01
3.647911937497161361e+00 2.979721349240837647e+00 3.249305188325863902e-01 -4.932045855929896756e-03 6.544889189424276665e-01 -5.026466984055225811e-04 -4.994493240521047112e-04 -4.936257461379377079e-04 -4.991373415406570591e-03 -2.230036317496985644e-03
2.105184836503522228e-02 4.560739814094390276e-02 1.603681320795505183e+00 -4.776660527957731633e-03 -2.159031225452940662e-03 1.049302660247247720e-02 1.219130535747663835e+00 -4.936255430212114700e-04 3.426246688209228300e-04 1.080934955927152514e-03
7.056453102798973531e-02 -5.031913880908556224e-04 2.061615167291880671e-02 -4.895759393572817961e-03 7.733002177552466758e-03 3.257518914965027573e-02 -4.994488539546574138e-04 -4.936252795466983213e-04 7.673823661296608374e-03 1.213651695416768650e+00
3.169432997405056962e-02 9.219153671777948270e-03 -4.898921890603850958e-04 8.273872697299775036e-03 1.158329287512430660e-02 -5.026462785252118308e-04 4.598226561714803262e-01 -4.908404500087828245e-04 1.491447667100223862e-01 1.180041386028523487e+00
8.356877399624068614e-01 7.234283307776116168e+00 4.355538561231914185e-04 9.688016210998628974e-01 6.955068498089397866e-02 1.094818885281173104e+00 4.201927508861242444e+00 3.902829381942552356e+00 1.214579727122439445e+00 6.539966955021296775e-03
2.215266661210927523e+00 4.306258280515634466e-03 -4.901830531875346099e-04 -4.932045912951803918e-03 4.558242098775960316e-01 4.998854440973587110e+00 3.234964471900123151e+00 2.624540925311718009e-01 -4.991373427432481240e-03 6.246159723040438649e-01
