1.311829388141632080e-01 2.298628725111484528e-02 3.764221072196960449e-02 3.240863233804702759e-02 1.158183161169290543e-02 3.012482449412345886e-02 4.127448424696922302e-02 4.792579449713230133e-03 4.397324286401271820e-03 1.688650995492935181e-02
5.574978515505790710e-02 6.624194234609603882e-02 2.337494492530822754e-02 1.361992862075567245e-02 7.725719362497329712e-03 1.080955378711223602e-02 1.635257899761199951e-02 1.432957407087087631e-02 -8.709893561899662018e-03 8.773094043135643005e-03
8.737512677907943726e-02 2.739068679511547089e-02 5.440667271614074707e-02 3.655900806188583374e-02 7.986820302903652191e-03 2.271828614175319672e-02 1.938436180353164673e-02 1.096134819090366364e-02 1.581730321049690247e-02 -2.912121126428246498e-04
2.898388914763927460e-02 3.389373421669006348e-03 5.821750964969396591e-03 1.904134824872016907e-02 5.655694985762238503e-04 8.673807606101036072e-03 8.533564396202564240e-03 2.354918280616402626e-03 3.806713270023465157e-03 2.453278517350554466e-03
9.649161249399185181e-03 2.391701564192771912e-03 -9.401120478287339211e-04 8.663894608616828918e-03 1.834277994930744171e-03 3.690856043249368668e-03 4.799187183380126953e-03 3.216918790712952614e-03 4.562578164041042328e-03 1.025075092911720276e-03
1.645200513303279877e-02 2.444293349981307983e-03 6.402485072612762451e-03 2.602159976959228516e-02 8.877431042492389679e-03 1.911338791251182556e-02 9.604682214558124542e-03 4.195850808173418045e-03 5.095968488603830338e-03 2.800882328301668167e-03
3.074130043387413025e-02 1.479499321430921555e-02 1.073514856398105621e-02 1.758255809545516968e-02 4.176072310656309128e-03 1.365558337420225143e-02 7.481993641704320908e-03 6.816579960286617279e-03 3.307363658677786589e-04 4.900842439383268356e-03
2.956320904195308685e-02 2.076492272317409515e-02 7.324888370931148529e-03 1.677694916725158691e-02 1.230464410036802292e-02 4.404781386256217957e-03 8.958285674452781677e-03 8.119624108076095581e-03 3.073359548579901457e-04 -6.511489627882838249e-04
7.956886291503906250e-02 1.580068841576576233e-02 1.650417968630790710e-02 3.838410973548889160e-02 2.719658426940441132e-03 2.267648652195930481e-02 1.924090087413787842e-02 8.701675571501255035e-03 1.309811789542436600e-02 3.318283939734101295e-03
3.153866529464721680e-02 1.035566627979278564e-02 1.085611619055271149e-02 1.673861779272556305e-02 4.096165299415588379e-03 1.689310558140277863e-02 7.607953157275915146e-03 7.511416450142860413e-03 2.922406420111656189e-03 6.873009260743856430e-03
