3.356406401513371173e-15 3.715981947891993002e-15 3.170063363434467933e-15 3.890355213417578278e-04 1.848980231997929616e-04 2.784233111106082105e-15 2.204326690365755626e-15 2.704920940476869188e-15 4.268066251425235279e-04 1.655413921629264064e-04
3.774282190180807578e-15 2.814000844348857462e-15 2.260993159882149612e-15 3.986485673293851668e-04 1.593150815508415346e-04 3.349492153950738800e-15 3.090887351194784769e-15 4.630930259190066694e-15 4.388295086107060240e-04 1.943504526146914210e-04
3.183911953788214734e-15 3.293242524529930589e-15 2.084401750136364260e-15 4.382618087538989312e-04 2.100238019896320850e-04 3.672637499876200225e-15 2.670722322873605032e-15 4.418448951021753976e-15 3.841499132296753911e-04 1.910452915621773534e-04
1.679392456127345350e-03 1.724441532732116185e-03 1.762476013055733811e-03 9.073595908948727225e-14 7.558719463986836421e-14 1.812688942633490594e-03 1.720279327266884938e-03 1.623829634901827971e-03 1.328320431569788949e-13 6.958722443895179745e-14
2.599301260670198576e-03 2.284837480790923633e-03 1.801954753029686926e-03 1.348484215202689924e-03 9.551577601128954237e-03 6.585623089112790040e-05 3.769737340559421581e-15 1.752111704422075619e-04 1.565342136983501747e-03 7.507957554480387688e-14
3.392751365029997530e-15 2.908296871690450543e-15 3.151217254296928958e-15 4.046564081639696196e-04 1.544151444997912605e-04 5.305764684237856631e-15 3.675933903621995529e-15 2.792510810727871646e-15 4.193138381615811984e-04 1.730764908917944793e-04
3.404186405618178680e-15 2.943777089209673010e-15 3.018773295075233410e-15 3.606707188878694815e-04 2.192247388231517062e-04 3.093131863519875955e-15 2.788804290316099220e-15 3.546479997509134609e-15 4.631957230094417175e-04 1.808327206881828978e-04
3.601739371202976734e-15 4.128366012786399104e-15 3.221701271047391960e-15 4.048630257684399428e-04 2.434771072202532110e-04 3.574989391048397177e-15 2.531316679221337180e-15 3.381210917829460070e-15 3.635463126519547462e-04 1.995341522485170611e-04
1.783666990654914379e-03 1.983033470593224476e-03 1.931266554922406696e-03 7.476660141931844089e-04 7.323408896653487618e-14 1.747047297137248887e-03 1.518501451649092266e-03 1.792397642320416517e-03 1.401365999322307169e-13 9.331404579701389577e-14
5.706165799948390507e-15 5.787779307705728686e-15 0.000000000000000000e+00 1.344344186804648277e-03 7.385340113336522419e-14 2.416245105075777097e-03 2.390762117206648735e-03 1.896866871682359847e-03 1.274470449475243253e-03 9.695362493082346558e-03
