-3.958625190413322947e-01 -0.000000000000000000e+00 -0.000000000000000000e+00 -3.581636020592827707e-01 -0.000000000000000000e+00 -0.000000000000000000e+00 -0.000000000000000000e+00 -0.000000000000000000e+00 -2.616240267333498348e-01 -1.480700987610724662e-01
-0.000000000000000000e+00 -2.644474598764522399e-01 -2.879732477780896360e-01 -0.000000000000000000e+00 -0.000000000000000000e+00 -0.000000000000000000e+00 -0.000000000000000000e+00 -0.000000000000000000e+00 -0.000000000000000000e+00 -0.000000000000000000e+00
-0.000000000000000000e+00 -0.000000000000000000e+00 -2.840222805469661549e-01 -0.000000000000000000e+00 -0.000000000000000000e+00 -0.000000000000000000e+00 -0.000000000000000000e+00 -2.071314972573349844e-01 -3.462360596850099226e-01 -0.000000000000000000e+00
-0.000000000000000000e+00 -0.000000000000000000e+00 -0.000000000000000000e+00 -4.627983191463305168e-01 -0.000000000000000000e+00 -0.000000000000000000e+00 -0.000000000000000000e+00 -0.000000000000000000e+00 -0.000000000000000000e+00 -0.000000000000000000e+00
-0.000000000000000000e+00 -0.000000000000000000e+00 -0.000000000000000000e+00 -0.000000000000000000e+00 -3.551802909894347104e-02 -0.000000000000000000e+00 -0.000000000000000000e+00 -0.000000000000000000e+00 -1.589915896969880116e-01 -0.000000000000000000e+00
-0.000000000000000000e+00 -0.000000000000000000e+00 -1.326947454697227080e-01 -3.337051899818408440e-01 -0.000000000000000000e+00 -4.356464985077035390e-02 -5.936385947712202737e-02 -0.000000000000000000e+00 -0.000000000000000000e+00 -0.000000000000000000e+00
-2.833007271032875751e-01 -0.000000000000000000e+00 -0.000000000000000000e+00 -0.000000000000000000e+00 -0.000000000000000000e+00 -0.000000000000000000e+00 -1.010919872016285970e-02 -0.000000000000000000e+00 -0.000000000000000000e+00 -0.000000000000000000e+00
-3.207374817439218040e-02 -0.000000000000000000e+00 -0.000000000000000000e+00 -0.000000000000000000e+00 -0.000000000000000000e+00 -0.000000000000000000e+00 -0.000000000000000000e+00 -4.163099227739689989e-01 -4.697025537922083771e-02 -4.646480987881070335e-01
-0.000000000000000000e+00 -0.000000000000000000e+00 -0.000000000000000000e+00 -0.000000000000000000e+00 -0.000000000000000000e+00 -1.592844762256618307e-01 -0.000000000000000000e+00 -0.000000000000000000e+00 -3.890783754749252421e-01 -0.000000000000000000e+00
-0.000000000000000000e+00 -0.000000000000000000e+00 -0.000000000000000000e+00 -0.000000000000000000e+00 -0.000000000000000000e+00 -6.589893120219608713e-02 -0.000000000000000000e+00 -0.000000000000000000e+00 -0.000000000000000000e+00 -4.350060741234095807e-01
