4.253907799720764160e-01 -5.894413962960243225e-02 -7.209357619285583496e-02 6.177175045013427734e-02 -4.740132018923759460e-02 -1.557955238968133926e-02 -2.689707092940807343e-03 -4.421878978610038757e-02 3.243364393711090088e-01 1.865655928850173950e-01
-3.399682417511940002e-02 3.267151117324829102e-01 3.538613021373748779e-01 2.820372115820646286e-03 -8.596938103437423706e-03 -2.302567474544048309e-02 -2.568635856732726097e-03 2.627601148560643196e-03 4.942290019243955612e-03 6.488313432782888412e-03
-2.632408775389194489e-02 -5.629929900169372559e-02 3.464272618293762207e-01 7.911095395684242249e-03 -5.791519582271575928e-02 -3.934836015105247498e-02 -4.603522643446922302e-02 1.678912937641143799e-01 4.347488582134246826e-01 -4.394767060875892639e-02
-1.221049856394529343e-02 -1.724220998585224152e-02 -8.549178950488567352e-03 5.265266299247741699e-01 -6.536065135151147842e-03 2.138651348650455475e-02 -1.368096563965082169e-02 -5.527363624423742294e-03 9.499437175691127777e-03 -9.211894939653575420e-04
4.722240846604108810e-03 1.671381411142647266e-03 1.036162208765745163e-02 2.118349075317382812e-02 1.674006110988557339e-03 -7.356884889304637909e-03 -7.165771443396806717e-03 -1.483644009567797184e-03 1.794464588165283203e-01 1.627752790227532387e-03
-5.755435209721326828e-03 -1.448133611120283604e-03 1.523759588599205017e-02 5.419248938560485840e-01 -1.574522256851196289e-02 4.535200074315071106e-02 -3.106213174760341644e-03 -1.730584190227091312e-03 -5.267027765512466431e-02 -2.262311615049839020e-02
2.341131269931793213e-01 -4.037463106215000153e-03 -1.795063167810440063e-02 4.067349247634410858e-03 -3.503058105707168579e-02 -5.728383548557758331e-03 1.550610829144716263e-02 -3.207702888175845146e-03 -9.003144688904285431e-03 3.477667644619941711e-02
1.047800555825233459e-01 -5.532791838049888611e-03 9.677245281636714935e-03 6.575087085366249084e-03 -3.335293754935264587e-02 -1.796325435861945152e-03 1.118644839152693748e-03 3.664563968777656555e-02 -1.600272953510284424e-02 6.184780225157737732e-02
2.086682803928852081e-02 -2.234414778649806976e-02 3.306207945570349693e-03 5.941983312368392944e-02 -1.600550604052841663e-04 -1.588936522603034973e-02 -2.197900973260402679e-02 -5.014431662857532501e-03 4.734926223754882812e-01 -1.216372591443359852e-03
-6.778580136597156525e-03 -2.037392184138298035e-02 -1.814068853855133057e-02 4.533918201923370361e-02 -1.057218294590711594e-02 2.760669030249118805e-02 -1.054582092911005020e-02 -5.697244778275489807e-03 -1.278994325548410416e-02 6.030193567276000977e-01
