-5.164350569248199463e-02 4.490040708333253860e-03 2.174892276525497437e-02 1.598760113120079041e-02 1.629900187253952026e-02 6.611674558371305466e-03 1.966483332216739655e-02 7.259835954755544662e-03 6.644415203481912613e-03 -4.324903711676597595e-04 3.089110739529132843e-02 -1.486768363974988461e-03 8.027479983866214752e-03 -3.574159054551273584e-04 -8.870570920407772064e-03
-1.855774223804473877e-01 4.350858926773071289e-02 2.641418389976024628e-02 1.397407613694667816e-02 2.585162036120891571e-02 2.733722794800996780e-03 1.998807676136493683e-02 1.387813128530979156e-02 1.502263010479509830e-03 7.912623696029186249e-04 -1.733193732798099518e-02 1.248062867671251297e-02 -7.255021948367357254e-03 -2.389274159213528037e-04 -1.353351026773452759e-02
-2.032289803028106689e-01 9.685995988547801971e-03 5.765203759074211121e-02 2.269932627677917480e-02 1.519696321338415146e-02 2.131882123649120331e-02 3.313456848263740540e-02 1.139171048998832703e-02 1.947781629860401154e-02 3.834700211882591248e-03 4.167760163545608521e-02 1.590869762003421783e-02 9.467078372836112976e-03 3.758762264624238014e-03 -3.653016174212098122e-03
3.043622076511383057e-01 1.525321453809738159e-01 9.676560759544372559e-02 2.528856694698333740e-01 1.533102393150329590e-01 8.784911781549453735e-02 1.348116546869277954e-01 5.275930091738700867e-02 9.731519222259521484e-02 9.283758699893951416e-02 2.585455775260925293e-01 1.555455625057220459e-01 2.142728567123413086e-01 1.131692528724670410e-01 3.364600241184234619e-02
8.849812150001525879e-01 -3.494275733828544617e-02 1.269372254610061646e-01 -4.573593661189079285e-02 2.391547411680221558e-01 -2.688957192003726959e-02 2.879195213317871094e-01 -2.326349355280399323e-02 6.265722960233688354e-02 3.795896843075752258e-02 -1.739544123411178589e-01 -5.892444401979446411e-02 2.337617985904216766e-02 1.147079691290855408e-01 -8.785740472376346588e-03
-1.473488509654998779e-01 -2.735798479989171028e-03 2.593193575739860535e-02 2.574825473129749298e-02 8.479288779199123383e-03 2.860069088637828827e-02 2.739148028194904327e-02 1.573381386697292328e-02 8.829016238451004028e-03 4.625713918358087540e-03 4.767307639122009277e-02 1.518326997756958008e-02 6.975332275032997131e-03 7.725575938820838928e-03 -1.687742304056882858e-03
-2.593259140849113464e-02 -3.520488739013671875e-03 1.939591765403747559e-02 8.329394273459911346e-03 1.367811113595962524e-02 8.915663696825504303e-03 8.883815258741378784e-02 9.073794819414615631e-03 5.526135209947824478e-03 4.955486394464969635e-03 1.259549800306558609e-02 1.604174962267279625e-03 2.593648387119174004e-03 1.077920012176036835e-02 -6.643349770456552505e-03
-2.688516117632389069e-02 5.616559647023677826e-03 1.928469724953174591e-02 1.190791185945272446e-02 9.963646531105041504e-03 1.160802133381366730e-02 3.200752660632133484e-02 4.528199136257171631e-02 9.890944696962833405e-03 7.472910918295383453e-03 4.562368243932723999e-02 1.051404979079961777e-02 8.932815864682197571e-03 4.801872652024030685e-03 -1.471402822062373161e-03
-9.672717452049255371e-01 2.003999985754489899e-02 7.738533616065979004e-02 1.831697225570678711e-01 1.181042864918708801e-01 3.025959059596061707e-02 1.515494734048843384e-01 2.120114415884017944e-01 1.246531605720520020e-01 1.980795860290527344e-01 7.928415201604366302e-03 6.874778866767883301e-02 1.451312750577926636e-01 6.940720975399017334e-02 -2.784960530698299408e-02
-1.037987917661666870e-01 -4.008071962743997574e-03 7.952240854501724243e-02 2.265012077987194061e-02 8.473615348339080811e-02 9.579800814390182495e-02 1.819759905338287354e-01 7.749029248952865601e-02 7.991383969783782959e-02 2.238097786903381348e-01 1.801929771900177002e-01 1.147001087665557861e-01 -2.122978679835796356e-02 5.155587196350097656e-02 6.351048499345779419e-02
-7.532086223363876343e-02 3.050797153264284134e-03 2.126404829323291779e-02 1.739408075809478760e-02 7.822806015610694885e-03 1.529107335954904556e-02 1.519708801060914993e-02 9.292310103774070740e-03 2.356575988233089447e-02 1.506691216491162777e-03 1.418612152338027954e-01 1.268295664340257645e-02 2.379321493208408356e-02 1.694083958864212036e-02 1.111292373389005661e-02
-2.799557745456695557e-01 -4.998638178221881390e-04 1.810845918953418732e-02 5.084595829248428345e-02 2.950690686702728271e-03 2.425147034227848053e-02 -9.081282652914524078e-03 2.053912170231342316e-02 -1.181251090019941330e-02 2.452983986586332321e-03 2.459542267024517059e-02 1.239568516612052917e-01 -1.786633208394050598e-02 -6.599639309570193291e-04 1.925854198634624481e-02
-1.220789104700088501e-01 1.192319113761186600e-02 2.316576428711414337e-02 4.402568563818931580e-03 1.941145025193691254e-02 4.745355807244777679e-03 1.469165086746215820e-02 2.008551172912120819e-02 6.744430866092443466e-03 -9.190185926854610443e-03 5.491945426911115646e-03 -9.334990754723548889e-03 4.970522969961166382e-02 1.310395263135433197e-02 1.865225145593285561e-03
-8.376566171646118164e-01 1.804324984550476074e-01 1.151787266135215759e-01 1.407434940338134766e-01 2.251687347888946533e-01 4.615109041333198547e-02 1.293081939220428467e-01 8.397468924522399902e-02 1.157200708985328674e-01 1.269334703683853149e-01 3.367841243743896484e-01 3.293024003505706787e-02 9.225201606750488281e-02 1.950790584087371826e-01 8.796331286430358887e-02
1.578682474792003632e-02 1.749155577272176743e-03 -1.535032596439123154e-02 -5.100877955555915833e-03 4.134426265954971313e-02 1.927082985639572144e-02 -6.627759337425231934e-02 6.663492321968078613e-02 9.761604480445384979e-03 4.885225743055343628e-02 3.254978060722351074e-01 1.597803235054016113e-01 2.179727517068386078e-02 6.379405409097671509e-02 3.986573219299316406e-01
