6.797338128089904785e-01 -1.717034131288528442e-01 2.807298302650451660e-01 -1.697828024625778198e-01 -1.165996044874191284e-01 -1.579272677190601826e-03 4.414915144443511963e-01 -5.813653394579887390e-02 -4.845771566033363342e-02 -8.431724458932876587e-02
-1.834243237972259521e-01 9.723734855651855469e-01 -9.837405383586883545e-02 2.274578064680099487e-02 2.406392544507980347e-01 -1.694711484014987946e-02 -1.459700614213943481e-01 -4.201023653149604797e-02 -1.134123951196670532e-01 -3.656791895627975464e-02
-2.198397647589445114e-03 -1.977386564249172807e-04 -6.094280630350112915e-03 -1.809717214200645685e-04 7.134620682336390018e-04 1.023457502014935017e-03 -4.177477385383099318e-04 9.543432497594039887e-06 1.128430012613534927e-04 3.221342049073427916e-04
-2.314452528953552246e-01 -5.210319533944129944e-02 -1.606590449810028076e-01 1.505704522132873535e+00 -1.256520003080368042e-01 -2.183481752872467041e-01 -6.793164461851119995e-02 -5.527156218886375427e-02 -1.167438104748725891e-01 -9.634595364332199097e-02
-6.626503914594650269e-02 2.715824171900749207e-02 -4.690325260162353516e-02 -1.839025318622589111e-02 1.453937888145446777e-01 3.068388905376195908e-03 -1.332742068916559219e-02 2.114966139197349548e-02 5.072994623333215714e-03 2.461723983287811279e-02
-2.102051377296447754e-01 -1.946346312761306763e-01 -2.265904843807220459e-01 -1.894485056400299072e-01 1.542394421994686127e-02 9.379080533981323242e-01 -1.809979528188705444e-01 1.385522037744522095e-01 -9.663918614387512207e-02 -1.639830647036433220e-03
2.698543071746826172e-01 -8.489742130041122437e-02 2.522172927856445312e-01 -8.074377477169036865e-02 -1.059004291892051697e-01 -8.989260345697402954e-02 7.990933656692504883e-01 -8.197887986898422241e-02 -4.929243400692939758e-02 -7.343333214521408081e-02
-1.238063648343086243e-01 -5.485752597451210022e-02 -3.786066174507141113e-01 -9.021873772144317627e-02 9.361475706100463867e-02 8.707974106073379517e-02 -7.762352377176284790e-02 1.779700815677642822e-01 5.122377350926399231e-02 1.186754554510116577e-01
-1.501800715923309326e-01 -3.614904358983039856e-02 3.644217252731323242e-01 -6.237784400582313538e-02 2.340757846832275391e-02 1.701572351157665253e-02 -7.160668075084686279e-02 3.358830511569976807e-02 4.063284397125244141e-01 1.168697401881217957e-01
-1.756784468889236450e-01 -7.096906006336212158e-02 -1.395560860633850098e+00 -1.244461983442306519e-01 1.839956045150756836e-01 1.161994040012359619e-01 -1.537867635488510132e-01 1.906749457120895386e-01 1.710712164640426636e-01 4.714350104331970215e-01
