3.592633083462715149e-02 6.624902784824371338e-02 1.430300530046224594e-02 6.036482285708189011e-03 3.746555885300040245e-04 2.955729141831398010e-02 9.602840058505535126e-03 9.867028333246707916e-03 1.030928548425436020e-02 1.288950559683144093e-03
3.329773899167776108e-03 7.435314357280731201e-02 1.811496540904045105e-02 7.973902858793735504e-03 -3.346166107803583145e-03 4.494074732065200806e-02 2.609700430184602737e-03 9.145135059952735901e-03 1.057639811187982559e-02 9.759243694134056568e-04
2.112081646919250488e-02 1.264090836048126221e-01 1.127238757908344269e-02 6.479992065578699112e-03 -2.002838999032974243e-03 5.643710866570472717e-02 -1.339185610413551331e-02 9.032629430294036865e-03 9.541478008031845093e-03 -1.983056281460449100e-04
6.870980560779571533e-02 5.808800458908081055e-02 3.186539560556411743e-02 1.999245025217533112e-02 1.520753651857376099e-02 2.858759164810180664e-01 -6.936852354556322098e-03 2.999568358063697815e-02 2.880560606718063354e-02 1.905285353132057935e-05
8.420341610908508301e-01 1.525028467178344727e+00 2.667296528816223145e-01 1.861019246280193329e-02 2.575358152389526367e-01 9.436674416065216064e-02 -1.894600875675678253e-02 5.589795857667922974e-02 3.189024329185485840e-02 2.337039820849895477e-02
2.860958129167556763e-02 6.707897782325744629e-02 1.696543768048286438e-02 6.645986810326576233e-03 4.656701930798590183e-04 3.894347324967384338e-02 -8.915475569665431976e-03 1.213699206709861755e-02 1.017279457300901413e-02 1.998608466237783432e-03
2.856508083641529083e-02 9.652863442897796631e-02 1.368545833975076675e-02 7.436506450176239014e-03 -5.160433705896139145e-03 3.797711431980133057e-02 -1.526806782931089401e-02 8.821129798889160156e-03 1.016861572861671448e-02 3.142206405755132437e-04
4.610835015773773193e-02 1.088684052228927612e-01 1.913386583328247070e-02 5.437190644443035126e-03 3.296467708423733711e-03 3.838956728577613831e-02 -7.496431935578584671e-03 1.139876339584589005e-02 8.619277738034725189e-03 2.326277084648609161e-03
1.446628421545028687e-01 3.005552291870117188e-01 -6.364812608808279037e-03 1.597383804619312286e-02 -1.828542165458202362e-02 2.002010345458984375e-01 -2.218824177980422974e-01 4.821839183568954468e-02 3.268080949783325195e-02 1.038553658872842789e-02
8.974469453096389771e-02 1.304490119218826294e-01 9.002611041069030762e-02 2.066547237336635590e-02 2.896037138998508453e-02 9.580142498016357422e-01 1.104360103607177734e+00 2.022021561861038208e-01 2.560773305594921112e-02 2.390069812536239624e-01
