-1.993468962609767914e-02 1.357448636554181576e-03 3.157524392008781433e-03 -2.521165879443287849e-03 -5.091622824693331495e-06 -3.787460154853761196e-04 4.594148136675357819e-03 5.593608133494853973e-03 -9.506798814982175827e-04 4.831953556276857853e-04
-1.748994737863540649e-02 4.072312440257519484e-04 1.264470745809376240e-03 -7.302707526832818985e-04 4.632312047760933638e-04 8.575581014156341553e-04 2.702296478673815727e-03 4.055317491292953491e-03 4.701653670053929090e-04 3.260664234403520823e-04
-1.632612757384777069e-02 1.818688004277646542e-03 3.172239055857062340e-03 -2.258258871734142303e-03 9.356910013593733311e-04 -7.520333747379481792e-04 3.628154983744025230e-03 3.133253892883658409e-03 7.699978887103497982e-04 5.060887197032570839e-04
-1.075734719634056091e-01 -2.367502078413963318e-02 -3.066409565508365631e-02 2.218584157526493073e-02 3.132703248411417007e-03 3.533225134015083313e-02 9.708147495985031128e-03 9.843317791819572449e-03 4.235762171447277069e-03 2.890598587691783905e-02
-1.745927035808563232e-01 -2.250476181507110596e-02 -3.072024323046207428e-02 1.476246025413274765e-02 3.217655420303344727e-02 1.706941425800323486e-02 1.639270223677158356e-02 1.011721976101398468e-02 1.242286525666713715e-02 6.179689988493919373e-02
-2.461495809257030487e-02 -3.985716495662927628e-03 -4.293572157621383667e-03 2.214515116065740585e-03 1.441932166926562786e-03 4.091511014848947525e-03 3.944703843444585800e-03 4.258273169398307800e-03 1.237660646438598633e-03 6.862964946776628494e-03
-1.998172514140605927e-02 -1.308473758399486542e-03 -6.191265129018574953e-05 1.773092662915587425e-04 1.372169819660484791e-03 1.722593558952212334e-03 3.260941710323095322e-03 4.444461315870285034e-03 1.969569595530629158e-03 2.439288655295968056e-03
-2.309268107637763023e-03 5.263027269393205643e-04 4.820642992854118347e-03 -1.717620179988443851e-03 -1.615551416762173176e-03 -4.261610156390815973e-04 2.255111001431941986e-03 4.061813931912183762e-03 -2.061224367935210466e-04 -1.223142258822917938e-03
-9.254420548677444458e-02 -1.274776738137006760e-02 5.301710683852434158e-03 -5.742961075156927109e-03 -7.688507437705993652e-03 6.431217771023511887e-03 2.687417156994342804e-02 2.451473101973533630e-02 7.344907615333795547e-03 4.610213451087474823e-03
-1.011658683419227600e-01 -1.445998810231685638e-02 -3.060446865856647491e-02 7.655833847820758820e-03 2.076403051614761353e-02 6.874384358525276184e-03 2.631162479519844055e-02 1.827727816998958588e-02 7.522646803408861160e-03 6.546739488840103149e-02
