-6.110220775008201599e-02 -5.523005966097116470e-03 -3.122524591162800789e-03 5.838557146489620209e-03 2.078675664961338043e-02 4.955730866640806198e-03 -1.776582794263958931e-03 9.292815811932086945e-03 9.184979833662509918e-03 -2.145414985716342926e-02
-7.753159105777740479e-02 -5.992417689412832260e-03 -1.259357784874737263e-03 1.021644007414579391e-02 2.688876353204250336e-02 2.086792810587212443e-04 3.528465516865253448e-03 8.609069511294364929e-03 1.247968617826700211e-02 -2.834256738424301147e-02
-1.129875704646110535e-01 -4.957816097885370255e-03 2.089420799165964127e-03 2.439077943563461304e-03 6.416578311473131180e-03 1.257791463285684586e-02 -1.093264319933950901e-03 2.412522770464420319e-02 -1.597635797224938869e-03 -2.070542611181735992e-02
-4.843358099460601807e-01 -5.836093332618474960e-03 -4.832530394196510315e-02 9.453658759593963623e-02 2.191929817199707031e-01 -3.134249523282051086e-02 2.349719405174255371e-03 -1.842396892607212067e-02 6.120277196168899536e-02 3.993687033653259277e-02
-4.522083699703216553e-01 -8.121615275740623474e-03 -2.769309282302856445e-02 7.410159707069396973e-02 2.482323199510574341e-01 -3.935731574892997742e-02 5.251534283161163330e-03 -5.992929637432098389e-02 9.276539087295532227e-02 3.893595561385154724e-02
-4.039337858557701111e-02 -1.466664834879338741e-03 6.394752301275730133e-03 -5.476636812090873718e-03 -7.956009358167648315e-03 2.102317474782466888e-02 -3.884127654600888491e-04 3.576476126909255981e-02 -8.462994359433650970e-03 1.373812207020819187e-03
-1.465047448873519897e-01 1.287035760469734669e-03 3.956216853111982346e-03 1.599415438249707222e-03 4.527550190687179565e-03 7.830420508980751038e-03 9.820328559726476669e-04 1.731514930725097656e-02 -3.194147488102316856e-03 3.391037881374359131e-02
-1.411572284996509552e-02 -4.290492739528417587e-03 5.471639800816774368e-03 -7.578880060464143753e-03 -1.110806595534086227e-02 3.202730789780616760e-02 -3.428861266002058983e-03 5.405408143997192383e-02 -1.031301449984312057e-02 -3.194975480437278748e-02
-3.780924379825592041e-01 -2.764228731393814087e-02 -5.940800532698631287e-02 8.158678561449050903e-02 3.057528138160705566e-01 -8.882181346416473389e-02 4.238191060721874237e-03 -4.877982661128044128e-02 1.045551523566246033e-01 2.161492593586444855e-02
-7.046033740043640137e-01 8.031136542558670044e-02 9.395908564329147339e-02 4.119938611984252930e-02 2.677690051496028900e-02 -8.004980534315109253e-02 6.456632167100906372e-02 -3.338545188307762146e-02 7.360120769590139389e-03 9.071951508522033691e-01
