1.871319138444960117e-03 4.952882416546344757e-03 9.683874086476862431e-04 -1.933404011651873589e-03 9.624456288293004036e-05 2.049853792414069176e-03 7.226939313113689423e-03 7.841954939067363739e-03 -1.947269192896783352e-03 4.150480497628450394e-03
4.676032345741987228e-03 2.956797834485769272e-03 3.624092787504196167e-03 -4.876270424574613571e-03 -2.984734252095222473e-03 1.825539395213127136e-03 7.535886019468307495e-03 9.591705165803432465e-03 -5.991853773593902588e-03 1.402736059390008450e-03
2.100874669849872589e-03 4.575442988425493240e-03 4.981627353117801249e-05 -3.701567417010664940e-03 3.652058512670919299e-05 -9.828315814957022667e-04 7.106921635568141937e-03 8.224787190556526184e-03 -2.508435631170868874e-03 5.446111783385276794e-03
-2.567731030285358429e-02 -2.313558477908372879e-03 -6.905350368469953537e-03 3.396637365221977234e-02 1.994585432112216949e-02 3.701354190707206726e-02 2.911994978785514832e-02 2.633353322744369507e-02 9.214052930474281311e-03 2.683819457888603210e-02
-1.403723657131195068e-02 -1.501459162682294846e-03 -3.773079661186784506e-04 1.917085424065589905e-02 3.735413402318954468e-02 6.106246262788772583e-03 2.058561146259307861e-02 2.308533154428005219e-02 4.720823373645544052e-03 4.160267487168312073e-02
2.256355481222271919e-03 8.329271222464740276e-04 -4.096970078535377979e-04 -2.451206091791391373e-04 -7.571718742838129401e-05 1.206690911203622818e-03 6.168215069919824600e-03 8.901410736143589020e-03 -3.683372866362333298e-03 6.029268261045217514e-03
-8.093095384538173676e-04 2.747722901403903961e-03 5.727624520659446716e-04 4.610411706380546093e-04 2.414497081190347672e-03 1.710281125269830227e-03 6.355126388370990753e-03 7.676112931221723557e-03 -1.523955608718097210e-03 3.081378294155001640e-03
6.724169943481683731e-04 1.299656229093670845e-03 1.763960695825517178e-03 -3.982876951340585947e-04 7.924320379970595241e-05 9.105508215725421906e-04 4.602999892085790634e-03 7.321476936340332031e-03 -1.216107746586203575e-03 2.985764527693390846e-03
-2.239180728793144226e-02 -4.879237152636051178e-03 1.558794081211090088e-02 -9.185442700982093811e-03 -1.619694195687770844e-02 1.492375507950782776e-02 4.545185342431068420e-02 4.599186405539512634e-02 -8.017131127417087555e-03 -6.219848524779081345e-03
-9.873583912849426270e-03 1.792860566638410091e-03 -7.428494282066822052e-03 7.625471334904432297e-03 1.395824085921049118e-02 3.811381175182759762e-04 4.107211157679557800e-02 3.646599501371383667e-02 -5.517140962183475494e-03 6.274107098579406738e-02
