7.858569175004959106e-02 -9.944417979568243027e-04 -2.079838700592517853e-02 5.386733263731002808e-02 -3.459442406892776489e-02 2.725747600197792053e-02 1.120126545429229736e-01 -4.633446782827377319e-02 -4.806368425488471985e-02 -1.307396776974201202e-02
-2.261883765459060669e-02 9.069606661796569824e-02 -2.815216220915317535e-02 3.978915140032768250e-02 6.720113754272460938e-02 -8.811543695628643036e-03 -2.818024903535842896e-02 -4.130449518561363220e-02 -4.657627642154693604e-02 -3.057273477315902710e-02
7.105508848326280713e-05 1.028356837196042761e-05 8.697015800862573087e-07 2.533696897444315255e-05 -7.965471013449132442e-05 1.804028521291911602e-03 1.007612881949171424e-04 -2.279197724419645965e-05 -2.230316385976038873e-05 3.921624738723039627e-05
-4.805986955761909485e-02 -8.599502965807914734e-03 -3.123232722282409668e-02 9.146046638488769531e-02 -3.636619076132774353e-02 1.953343115746974945e-02 -2.081513777375221252e-02 -3.782511875033378601e-02 -3.960146382451057434e-02 -1.448724791407585144e-02
-4.185713987681083381e-05 1.359247253276407719e-03 7.359160808846354485e-04 -2.020689571509137750e-04 -9.652176522649824619e-04 2.083394443616271019e-03 9.557729354128241539e-04 -7.749869255349040031e-04 -6.151052657514810562e-04 3.069826343562453985e-04
8.862586691975593567e-03 4.802898911293596029e-04 -2.373890951275825500e-03 1.060443464666604996e-02 -2.769148722290992737e-02 2.240528911352157593e-02 1.858959533274173737e-02 -2.130671218037605286e-02 -2.174158953130245209e-02 4.424188227858394384e-04
1.384365409612655640e-01 -9.470690041780471802e-03 -2.148388419300317764e-03 1.458086632192134857e-02 -3.460679948329925537e-02 3.842016682028770447e-02 1.642718464136123657e-01 -2.903385832905769348e-02 -2.835758961737155914e-02 -3.412290534470230341e-04
-2.497507492080330849e-03 -8.489008178003132343e-04 3.953327890485525131e-03 -2.653117291629314423e-03 -5.768658593297004700e-03 5.868198350071907043e-03 -4.224974545650184155e-04 2.307721413671970367e-03 2.915179356932640076e-03 3.432305296882987022e-03
-9.644380770623683929e-03 -1.068656798452138901e-02 9.734878316521644592e-03 -7.940745912492275238e-03 -2.267975173890590668e-02 1.447869837284088135e-02 -6.645564455538988113e-03 6.503977347165346146e-03 7.850819267332553864e-03 1.116548664867877960e-02
-2.297414466738700867e-03 -7.083150092512369156e-03 1.757454476319253445e-03 3.169125411659479141e-03 -2.333967387676239014e-02 1.429591327905654907e-02 4.411252215504646301e-03 -6.582947447896003723e-03 -6.104386877268552780e-03 4.403213039040565491e-03
