4.490689635276794434e-01 4.663287475705146790e-02 2.532935235649347305e-03 1.471916735172271729e-01 9.566944837570190430e-02 9.513721615076065063e-02 -2.427314370870590210e-01 7.451572269201278687e-02 1.066735237836837769e-01 7.135538756847381592e-02
3.629752248525619507e-02 -6.476743519306182861e-02 -2.340283244848251343e-02 1.864228397607803345e-01 2.289558500051498413e-01 1.511216908693313599e-01 2.696748673915863037e-01 3.107201308012008667e-02 1.734877228736877441e-01 1.743401139974594116e-01
-1.486098859459161758e-03 -5.419267690740525723e-04 -7.171161087171640247e-06 -6.631059804931282997e-04 -6.028985080774873495e-05 -4.238506080582737923e-04 -6.687018903903663158e-04 -1.419669279130175710e-04 -2.582224260549992323e-04 -6.698083598166704178e-04
1.469065546989440918e-01 -1.247093267738819122e-02 -7.282401621341705322e-02 1.719132810831069946e-01 1.164724603295326233e-01 1.337025612592697144e-01 -3.964559733867645264e-02 8.906100690364837646e-02 1.427442133426666260e-01 8.964999765157699585e-02
1.061711087822914124e-02 -1.100390101782977581e-03 1.922141993418335915e-03 3.377473447471857071e-03 5.044765304774045944e-03 1.087745302356779575e-03 2.385684056207537651e-03 1.140418462455272675e-02 3.946320153772830963e-03 8.133403025567531586e-03
1.972420215606689453e-01 2.955915033817291260e-02 -5.156605318188667297e-02 4.147199448198080063e-03 1.420037541538476944e-02 1.364791300147771835e-02 2.302035503089427948e-02 1.033769175410270691e-01 2.559527568519115448e-02 3.019211068749427795e-02
6.177992224693298340e-01 6.986842304468154907e-02 6.779897958040237427e-02 1.476060599088668823e-01 6.398961693048477173e-02 1.153665706515312195e-01 -4.516957998275756836e-01 4.662485420703887939e-02 5.815077945590019226e-02 2.047900483012199402e-02
3.805451095104217529e-02 -1.369054801762104034e-02 4.650372080504894257e-03 6.574396044015884399e-03 3.546205582097172737e-03 -7.920301519334316254e-03 -3.515146439895033836e-03 8.919132500886917114e-02 3.927164711058139801e-03 1.361783035099506378e-02
8.354581147432327271e-02 -1.317243208177387714e-03 3.415557788684964180e-03 5.066728591918945312e-02 6.793133448809385300e-03 -2.046915888786315918e-02 6.123452633619308472e-02 9.013187885284423828e-02 -2.539224363863468170e-02 1.588639765977859497e-01
1.261802017688751221e-01 4.558778367936611176e-03 -5.454024672508239746e-02 4.282362386584281921e-02 -2.742515876889228821e-03 2.721143141388893127e-02 4.898424819111824036e-02 7.994028180837631226e-02 -4.684252664446830750e-02 4.340517148375511169e-02
