-1.515037193894386292e-02 2.183117903769016266e-03 -5.318098701536655426e-04 -1.885101781226694584e-03 5.573110654950141907e-03 -1.089439960196614265e-03 -1.227355533046647906e-04 -2.057667588815093040e-03 1.798453857190907001e-03 -1.965482532978057861e-02 -1.467552385292947292e-03 -2.128858614014461637e-04 2.105393912643194199e-03 -2.180097362725064158e-04 -4.627283196896314621e-03
-1.782598532736301422e-02 2.875273115932941437e-03 -8.618358988314867020e-04 -2.703354693949222565e-03 7.039758842438459396e-03 -1.619644113816320896e-03 -5.345275276340544224e-04 -2.539071021601557732e-03 2.674848772585391998e-03 -3.065264597535133362e-02 -2.319582970812916756e-03 -7.156017236411571503e-04 3.020352218300104141e-03 -3.046854399144649506e-04 -1.383695378899574280e-02
-1.392389461398124695e-02 2.260220469906926155e-03 -1.530636334791779518e-03 -2.896630903705954552e-03 7.097290363162755966e-03 -1.839091069996356964e-03 -5.116882384754717350e-04 -2.902514301240444183e-03 2.008037175983190536e-03 -9.351257234811782837e-03 -2.888006856665015221e-03 -2.651143877301365137e-04 2.314619719982147217e-03 -7.606291910633444786e-04 8.729557506740093231e-03
-1.486611962318420410e-01 1.635565608739852905e-02 -6.515961606055498123e-03 -1.059661060571670532e-02 4.207444936037063599e-02 -1.093771867454051971e-02 -1.889437786303460598e-03 -1.310519501566886902e-02 1.361140143126249313e-02 -1.371118873357772827e-01 -1.373862288892269135e-02 -5.744745139963924885e-04 1.633993536233901978e-02 -2.141761360689997673e-03 -6.166077777743339539e-02
-9.418734163045883179e-02 1.467254571616649628e-02 -1.032595406286418438e-03 -9.246347472071647644e-03 3.216572105884552002e-02 -4.174342844635248184e-03 1.202358362206723541e-05 -5.888833664357662201e-03 1.316057518124580383e-02 -1.793523132801055908e-01 -5.424318835139274597e-03 1.032165600918233395e-03 1.558643579483032227e-02 6.319444219116121531e-05 -1.399334520101547241e-01
-3.074155561625957489e-02 1.499092904850840569e-03 -1.546406652778387070e-03 -2.117132768034934998e-03 3.446764778345823288e-03 -1.579857897013425827e-03 -3.165570960845798254e-04 -2.889903727918863297e-03 1.184568507596850395e-03 2.751054987311363220e-02 -2.302414504811167717e-03 -5.432057660073041916e-04 1.450310810469090939e-03 -1.024269498884677887e-03 1.931329444050788879e-02
-3.082835115492343903e-02 1.166357193142175674e-03 -1.188159571029245853e-03 -2.306948648765683174e-03 2.566325943917036057e-03 -1.098090666346251965e-03 -5.327229155227541924e-04 -2.282720059156417847e-03 9.471579687669873238e-04 3.295421972870826721e-02 -1.866435981355607510e-03 -4.398842866066843271e-04 1.041600247845053673e-03 -8.492044871672987938e-04 1.213573757559061050e-02
-1.938099041581153870e-02 1.574318623170256615e-03 -9.596712770871818066e-04 -2.383079845458269119e-03 3.522161627188324928e-03 -1.114852842874825001e-03 -1.813001144910231233e-04 -2.384901745244860649e-03 1.408209558576345444e-03 1.870794221758842468e-02 -1.535870600491762161e-03 -1.097137355827726424e-04 1.585103920660912991e-03 -4.729656211566179991e-04 1.450388226658105850e-03
-9.710161387920379639e-02 1.710812002420425415e-02 -8.750981651246547699e-03 -1.420392654836177826e-02 4.110809043049812317e-02 -9.638459421694278717e-03 -3.656973363831639290e-03 -8.102988824248313904e-03 1.556666754186153412e-02 -1.335422396659851074e-01 -1.179280411452054977e-02 2.559352142270654440e-04 1.678053848445415497e-02 -3.380295354872941971e-03 -7.059528678655624390e-02
-1.651309132575988770e-01 -1.453627739101648331e-02 -1.644292660057544708e-02 -2.783077023923397064e-02 -6.456774473190307617e-02 -1.662638224661350250e-02 -1.177159603685140610e-02 -4.094707965850830078e-02 4.755170375574380159e-04 1.305490732192993164e+00 -1.853461377322673798e-02 -5.571215879172086716e-03 -6.381458602845668793e-03 2.213206025771796703e-04 2.399523258209228516e-01
-2.306458726525306702e-02 2.005351241677999496e-03 -1.593872671946883202e-03 -2.011970849707722664e-03 5.699174012988805771e-03 -1.717035192996263504e-03 -8.366551483049988747e-04 -2.157227601855993271e-03 1.660996233113110065e-03 -4.225899931043386459e-03 -2.297839615494012833e-03 -4.840754263568669558e-04 1.969604752957820892e-03 -6.991258705966174603e-04 4.404065012931823730e-02
-2.274269796907901764e-02 1.582331024110317230e-03 -1.521320897154510021e-03 -1.878016395494341850e-03 4.521017428487539291e-03 -1.541446777991950512e-03 -5.321589414961636066e-04 -1.943212002515792847e-03 1.289579202421009541e-03 -3.426702227443456650e-03 -2.194697270169854164e-03 -4.454725713003426790e-04 1.343675074167549610e-03 -7.848396780900657177e-04 4.462441056966781616e-02
-2.490013837814331055e-02 2.303202170878648758e-03 -9.840739658102393150e-04 -1.685333321802318096e-03 5.996806081384420395e-03 -1.405161689035594463e-03 -2.727443934418261051e-04 -1.726425020024180412e-03 1.893267733976244926e-03 -2.039187774062156677e-02 -1.833417569287121296e-03 -4.221965500619262457e-04 2.710606437176465988e-03 -6.027523195371031761e-04 2.601046673953533173e-02
-1.312753558158874512e-01 1.734942570328712463e-02 -7.948549464344978333e-03 -1.658414304256439209e-02 4.859476163983345032e-02 -1.148471143096685410e-02 -3.535359399393200874e-03 -2.546572871506214142e-02 1.217091456055641174e-02 -1.301406472921371460e-01 -1.937098987400531769e-02 -1.388300792314112186e-03 1.800243929028511047e-02 -5.112174432724714279e-03 -6.699327379465103149e-02
-7.014696486294269562e-03 4.074952099472284317e-03 -1.777344755828380585e-02 7.987288385629653931e-02 6.067129317671060562e-03 -7.765447255223989487e-03 -5.395123735070228577e-03 3.481457754969596863e-02 1.370115205645561218e-03 -7.607167214155197144e-02 -5.426309071481227875e-03 -8.991870563477277756e-04 -8.871952071785926819e-03 -1.178620732389390469e-03 7.628014683723449707e-01
