8.972105262310008832e-06 7.032219965860519075e-06 6.608580380299328006e-06 1.812038183746233100e-04 9.150489921680387921e-05 7.363608641385881535e-06 7.413875556446631286e-06 6.573646503561096507e-06 1.761764080778623564e-04 8.486928668671489843e-05 8.139104609418103741e-06 3.668517358599982846e-06 6.143015142914324175e-06 1.885384441177290053e-04 1.027386945651013745e-04
4.473246471176621954e-06 6.516108274547195473e-06 6.736308171121552070e-06 1.605012538306356692e-04 7.038705144245266257e-05 6.054367438352304554e-06 7.396850597452444031e-06 4.907317037735150354e-06 1.606910734412855205e-04 1.013773483633624101e-04 5.718138826471205658e-06 7.899124477956161346e-06 6.412132556278423885e-06 1.849809434240429695e-04 8.071099611492050662e-05
7.101209022909361646e-06 7.550117986100293525e-06 6.292330555515409244e-06 2.051600440443443647e-04 1.006452979031189444e-04 5.224370070409563688e-06 6.920233177956289827e-06 8.147677547069297367e-06 1.754878267969338097e-04 1.017852756460689876e-04 6.935405006165051430e-06 5.581728482189377131e-06 6.482087340157731488e-06 1.957819958164613969e-04 1.095303013335525148e-04
4.085849714628140449e-05 3.742010692658251489e-05 2.949630070131512916e-05 4.114900874170014048e-04 1.921970389375219788e-04 3.814617882842186202e-05 4.246116513316130787e-05 3.621155892789171781e-05 4.029344079032483707e-04 1.980617011941608672e-04 4.443291249588231901e-05 4.421582987043768434e-05 4.049096442946355695e-05 4.150370458160534157e-04 1.884795545318667103e-04
7.580643587678084826e-05 7.685907463873876987e-05 7.404509838599580222e-05 2.329534873578743706e-04 6.163152292926728313e-04 1.766655425809154082e-05 2.910092567055600393e-05 2.243218246146085193e-05 1.997618038688032699e-04 1.384926978213997192e-04 2.456229401389237426e-05 2.253420578387968064e-05 2.430661376688743609e-05 2.225955554817347394e-04 1.426364534817145763e-04
3.044070114150855731e-06 5.160991173387162951e-06 8.171420375510123185e-06 1.573784415831726259e-04 9.200274734073277355e-05 6.483723502648664803e-06 7.080484632422037936e-06 9.517045738601166601e-06 1.824454381603884436e-04 1.077433173632656737e-04 5.566603175188831986e-06 7.738505253999608145e-06 7.107933029529900865e-06 1.806628805272849280e-04 8.360012926250525334e-05
6.503468924698566708e-06 7.340956443814593457e-06 6.079956696142846874e-06 1.892861028460091511e-04 8.820994458854649559e-05 7.712380285244070432e-06 7.169151966077931625e-06 7.124185555186977149e-06 2.004404413967400393e-04 8.427056095898193401e-05 9.622350366977100076e-06 5.040162734827861376e-06 6.534586436939505658e-06 1.539283535292577693e-04 8.286002973186562689e-05
5.461427658160853340e-06 6.487239093011563428e-06 7.583199335648852124e-06 1.888262786520963357e-04 1.025931110244039971e-04 7.352021462152709249e-06 8.378490283474717841e-06 7.386222931339391668e-06 1.794651124190484257e-04 1.010512699232419935e-04 7.082284871882793628e-06 5.773679781429491988e-06 7.668665434486882717e-06 1.764229697115387142e-04 9.558927873108734666e-05
3.430711196763315844e-05 4.621288683250161019e-05 3.357223014944717176e-05 4.092458901211888634e-04 1.851636640108477328e-04 4.030176248847809037e-05 4.106051248224033660e-05 4.005942887643332664e-05 4.065116555442428291e-04 2.029604241789798047e-04 4.533746873272201226e-05 4.121433738922633425e-05 4.160778513098818086e-05 3.950997108901767416e-04 1.937770110567114663e-04
1.974666657194406834e-05 1.875944594505070384e-05 2.196290256046897355e-05 2.318351735754934750e-04 1.254751500674850234e-04 7.960715906537075052e-05 7.756364250609245399e-05 8.462071144583345180e-05 2.305287812786935135e-04 6.010489287770475354e-04 2.246472206502723987e-05 2.387614745065315806e-05 2.224206594627618183e-05 2.176157249867108519e-04 1.317385852519051032e-04
5.039182078097759848e-06 8.769730983837665953e-06 6.684630460082722380e-06 2.068546107464057284e-04 7.501402753265050004e-05 8.453211863178754614e-06 6.696124693262813822e-06 6.374227045433503473e-06 1.994477137206965875e-04 7.192378124580292239e-05 4.553861522811335277e-06 7.955055906762510285e-06 7.436180251552011891e-06 1.839517269485387604e-04 8.145933557001794735e-05
8.334825601010069766e-06 8.367546395926809673e-06 5.209327125008289350e-06 1.813965851290275696e-04 9.814244560464913700e-05 7.716818551016214349e-06 6.212758991876143822e-06 7.488566836116645064e-06 1.887036277006998207e-04 9.645415329125743597e-05 6.924656534426520095e-06 7.877672833034866421e-06 6.042560440319774452e-06 1.611916320819720312e-04 9.870186562961561080e-05
5.693210379037081867e-06 7.262014062114808189e-06 8.192250856377009211e-06 1.702764366720565538e-04 8.662693850251321887e-05 4.702405434499630946e-06 6.566095812004123530e-06 7.975072733317143718e-06 1.911441622294782487e-04 9.681431390984772606e-05 7.132729646615495312e-06 7.315557367975521843e-06 6.598505552107271040e-06 1.973665384415069645e-04 7.615972493833643886e-05
4.287630788039121951e-05 4.189186501310631234e-05 3.798669043010053460e-05 4.137383409518546147e-04 1.945154123504219592e-04 3.573421418760427151e-05 4.165372904679329500e-05 3.831697833328909334e-05 4.050323539449383480e-04 1.953767623520932177e-04 3.596202360429583752e-05 4.619558885073234248e-05 4.480087609962523797e-05 3.974661604631114591e-04 1.934855389424274918e-04
2.319373327107454954e-05 1.941794315617554196e-05 2.233608735961234966e-05 2.255443318377195960e-04 1.424328354370847270e-04 2.476220034016465878e-05 2.407837418083434998e-05 2.183680000803408112e-05 2.156387565826096433e-04 1.344355590285661373e-04 7.290499512283215124e-05 7.492191549175531752e-05 7.422723241710385209e-05 2.352918026700895956e-04 6.110869721222372515e-04
