9.007970088885664323e-06 6.381810539833929181e-06 7.845352119102939008e-06 1.691351949788519652e-04 9.798883710447214986e-05 7.923775074999421218e-06 8.243065407258231853e-06 6.276508039271922146e-06 1.638073021619905771e-04 9.839330593251424412e-05 8.987134501585718627e-06 6.482328270947168358e-06 6.775069828863672032e-06 1.735405452149488671e-04 8.529852780599328325e-05
4.060021919573891591e-06 6.818014584618102973e-06 7.327717152771660268e-06 1.596946564971774409e-04 7.225139465690926790e-05 5.681316046156626667e-06 6.369178053136879517e-06 5.885805784977487304e-06 1.468631865019646488e-04 8.878421884332260959e-05 5.549461390921571737e-06 7.742564962421356488e-06 4.850953787986579915e-06 1.917729337374686851e-04 9.199096396718278810e-05
6.947235634957051980e-06 7.205264756119462054e-06 7.024710064739667216e-06 2.086901099293194544e-04 9.282203162512611542e-05 5.254366401507903428e-06 8.498185134305118925e-06 7.600540023979364409e-06 1.973823429694735018e-04 1.019562245635971125e-04 6.724183706133985267e-06 6.052937460194931967e-06 6.377057932878007855e-06 1.815154790934846239e-04 1.096495801196166713e-04
4.452739475816128162e-05 4.021169320466514980e-05 3.234396980054526092e-05 3.929272739761255329e-04 1.929695412987199603e-04 3.345853423874102489e-05 4.125892141254864693e-05 3.594501148668175915e-05 3.898086138842766970e-04 2.062564982979788191e-04 4.558956309449384379e-05 4.321992988854205637e-05 4.107646260506370986e-05 4.114547865658965708e-04 1.927675299264067579e-04
7.616625036090175793e-05 7.490220794802477538e-05 7.220032714259675094e-05 2.252546847079803726e-04 6.179143878135449561e-04 2.254304038739886703e-05 3.187035691974318918e-05 2.601863446994585777e-05 2.139014349267368887e-04 1.321613224911004716e-04 2.805258614436660630e-05 2.233058576461967887e-05 2.277136150261183784e-05 2.230017778006833590e-04 1.426646769038596261e-04
5.563220694946330883e-06 6.840534375146039337e-06 9.186334404279896431e-06 1.665519449112795364e-04 9.879201892929527734e-05 6.922090041666149859e-06 6.647263977530688119e-06 1.011387737527719030e-05 1.702753706911350196e-04 1.042478113921706218e-04 5.766771924982026077e-06 6.630643749321605574e-06 7.891659861254005863e-06 1.869150635153917124e-04 9.445856587291536182e-05
7.335140920410101667e-06 7.971776853344982389e-06 6.072164206708935273e-06 1.776146533287877548e-04 8.185982102914890002e-05 8.757274851637998273e-06 7.718449516214823778e-06 7.557227007656141014e-06 1.843019735336472750e-04 8.487051527176592107e-05 8.323152960703962972e-06 3.635766338185788692e-06 7.578745240595947563e-06 1.568828481048282076e-04 6.907719458577853686e-05
6.577796927185408222e-06 8.303699635274258529e-06 6.807777051415084407e-06 1.766555337343290945e-04 9.651682024134806428e-05 7.590163391824253325e-06 7.483729951662907400e-06 7.185215604349831916e-06 1.746601037334111141e-04 9.113825014654753959e-05 7.707046586701565494e-06 6.667326142854795007e-06 7.062589699167928465e-06 1.856702098684542422e-04 7.192093984012818319e-05
3.950461222486870833e-05 4.564610296780073856e-05 3.057504577966439958e-05 3.992643882505495260e-04 1.799126191812227139e-04 3.449635820941279144e-05 4.176747047839471583e-05 4.052399697443764213e-05 3.952390079463187077e-04 2.008535974515964384e-04 4.600135588974940828e-05 3.444318113180324330e-05 4.219161219816282662e-05 3.876892241656399157e-04 1.931156608133544723e-04
2.185560031930325347e-05 1.660573188541648995e-05 2.183779137975640181e-05 2.433385551754720078e-04 1.286976898125665153e-04 8.187245757951504136e-05 7.863050136479368668e-05 8.442897327990328462e-05 2.355929964599007753e-04 6.059183847955903514e-04 2.206594245875430783e-05 2.211942610030297665e-05 2.103837519923099219e-05 2.260700499693154783e-04 1.285702111829408151e-04
5.407648276289881680e-06 1.019671653168624245e-05 7.973455871736718435e-06 2.082527867104954928e-04 8.304425152203057927e-05 7.737835209248232303e-06 6.214497829157928473e-06 6.764903180703755962e-06 1.937771227873081106e-04 7.307485143365539016e-05 5.175196211612233653e-06 7.843644586427656257e-06 8.295425804351357128e-06 1.805850582564489878e-04 8.814116946357043660e-05
7.595205511056435175e-06 8.575407210330827129e-06 7.699751515266353686e-06 1.669961672247194352e-04 9.243141235592010384e-05 9.062441322500681615e-06 7.856411409701118877e-06 8.433139692901086542e-06 1.780779738995280355e-04 1.021517436456431975e-04 7.086271279449044272e-06 8.489949564244008624e-06 7.176449418333691094e-06 1.669120362663702682e-04 8.565840421388644160e-05
7.678500572277393343e-06 7.355803797090774039e-06 7.993667634517751772e-06 1.475891898133250234e-04 8.731207024911156144e-05 6.106673255358925536e-06 5.460596977492527861e-06 7.819211721961413826e-06 1.916495621922001630e-04 9.207479218300254522e-05 6.577946938919570268e-06 6.348367177478453242e-06 6.931530693637863981e-06 2.084405693346294661e-04 7.631769452240175591e-05
3.886557869678144804e-05 4.174333648619983476e-05 3.871712061997783453e-05 4.117064196736822178e-04 1.930180448228335560e-04 3.528217691028916458e-05 3.576770996385701651e-05 3.674208384041618535e-05 3.942063221264144909e-04 2.020682160333588627e-04 4.180059239340979104e-05 4.243185367742290136e-05 4.629571441034625943e-05 3.986656316745463614e-04 1.981052133615660330e-04
2.119348867821318236e-05 2.008742572026846483e-05 2.354451025747535139e-05 2.211896591285153577e-04 1.698870750276154629e-04 2.413782158215971917e-05 2.259981948119912798e-05 1.757154944950119484e-05 2.116491161588737312e-04 1.302741920272271474e-04 7.035419610115281055e-05 7.221855523075032513e-05 7.558933749271070962e-05 2.372410932333684412e-04 6.196423806323541955e-04
