-9.974428685382008553e-04 5.071219056844711304e-03 1.325561897829174995e-03 -6.057255901396274567e-03 -3.823705017566680908e-03 3.487443923950195312e-02 1.328863203525543213e-02 2.234867587685585022e-02 -2.450572093948721886e-03 -1.387215597787871957e-04
-6.525312201119959354e-04 3.305771620944142342e-03 4.231175873428583145e-03 -3.527277847751975060e-03 -3.556564683094620705e-03 5.697629414498806000e-03 1.001168414950370789e-02 1.133483182638883591e-02 -4.332325886934995651e-03 1.810023240977898240e-04
-1.996055478230118752e-03 4.711792804300785065e-03 1.903314259834587574e-03 -3.498323727399110794e-03 -1.675409963354468346e-03 2.679484197869896889e-03 4.407181404531002045e-03 8.101641200482845306e-03 -8.444407721981406212e-04 4.563292954117059708e-03
-8.684220723807811737e-03 1.740899682044982910e-02 3.850748995319008827e-03 1.763932965695858002e-02 -9.325048886239528656e-04 5.779729038476943970e-02 1.458425074815750122e-02 3.879452869296073914e-02 -9.292013943195343018e-03 2.062149345874786377e-02
-2.689271606504917145e-02 2.324144542217254639e-02 1.906804740428924561e-02 -1.075692195445299149e-02 3.218886628746986389e-02 -1.353114191442728043e-02 -5.493346252478659153e-04 4.675264656543731689e-02 2.314171940088272095e-02 5.931375548243522644e-02
-4.915306344628334045e-03 6.684745894744992256e-04 1.098782522603869438e-03 -2.015268109971657395e-04 -1.803933642804622650e-03 3.142848843708634377e-03 5.596672650426626205e-03 1.331816520541906357e-02 1.502398285083472729e-03 6.121282931417226791e-03
-3.502223175019025803e-03 4.189909901469945908e-03 2.189682098105549812e-03 -8.796806214377284050e-04 4.236806998960673809e-04 3.090338781476020813e-03 3.150505712255835533e-03 9.272947907447814941e-03 -2.139888674719259143e-04 2.714740810915827751e-03
-2.076553180813789368e-03 3.612060099840164185e-03 3.855449846014380455e-03 -9.910080116242170334e-04 -6.311273900792002678e-04 6.244431715458631516e-04 3.724169218912720680e-03 8.816384710371494293e-03 -8.596613188274204731e-04 2.982735401019454002e-03
-3.879671171307563782e-02 2.177915349602699280e-02 1.948270946741104126e-02 -3.924638032913208008e-02 -3.138543665409088135e-02 -9.911254979670047760e-03 2.281788177788257599e-02 6.559675931930541992e-02 1.092616375535726547e-02 3.956006467342376709e-02
-4.172406345605850220e-02 1.132693700492382050e-02 9.058915078639984131e-03 -1.818670518696308136e-02 -9.470444172620773315e-03 4.847487434744834900e-03 1.485252194106578827e-02 5.262695625424385071e-02 1.754954271018505096e-02 8.426457643508911133e-02
