1.233575195074081421e-01 -5.638284492306411266e-04 3.011197550222277641e-03 5.635423585772514343e-02 -5.453546345233917236e-02 2.560944110155105591e-02 1.920053660869598389e-01 -4.432095214724540710e-02 -2.956213243305683136e-02 -3.086144104599952698e-02
2.720477245748043060e-02 9.784236550331115723e-02 1.298371106386184692e-01 3.463878110051155090e-02 6.127872318029403687e-02 1.043938100337982178e-02 5.964376404881477356e-02 -3.595412522554397583e-02 -2.884791418910026550e-02 -2.826904878020286560e-02
4.386974324006587267e-04 2.149457759514916688e-05 4.158357842243276536e-05 1.597133086761459708e-04 -2.633829135447740555e-03 2.385711559327319264e-05 1.513502647867426276e-04 -1.876225906016770750e-05 -1.400857127009658143e-05 -1.823530510591808707e-05
4.731750115752220154e-02 -4.158230964094400406e-03 3.593511879444122314e-03 8.681425452232360840e-02 -6.087212264537811279e-02 4.144435748457908630e-02 9.258446842432022095e-02 -3.798661008477210999e-02 -2.336538210511207581e-02 -2.414630725979804993e-02
2.391617512330412865e-03 1.317743211984634399e-03 2.095112577080726624e-03 1.896788366138935089e-03 -7.349795196205377579e-04 1.014662790112197399e-03 3.590548411011695862e-03 4.719197168014943600e-04 8.896057261154055595e-04 2.299239131389185786e-04
3.674308583140373230e-02 4.105127416551113129e-03 6.480170879513025284e-03 3.506895899772644043e-02 -3.405344486236572266e-02 1.999558135867118835e-02 6.982049345970153809e-02 -2.129018865525722504e-02 -1.195136923342943192e-02 -1.190154347568750381e-02
1.552891582250595093e-01 -5.956416949629783630e-03 -1.485837041400372982e-03 3.690633922815322876e-02 -4.288587346673011780e-02 1.504139788448810577e-02 2.152759581804275513e-01 -3.200125321745872498e-02 -2.039556391537189484e-02 -2.466694451868534088e-02
4.158084746450185776e-03 9.717341163195669651e-04 3.495315788313746452e-03 6.179404444992542267e-03 -1.939202309586107731e-03 5.238525569438934326e-03 7.178896106779575348e-03 6.662577390670776367e-03 7.920577190816402435e-03 4.899374209344387054e-03
2.056219149380922318e-03 -7.442080881446599960e-03 -5.738966166973114014e-03 1.480809412896633148e-02 -1.767221838235855103e-02 1.211543474346399307e-02 6.504167336970567703e-03 1.136589888483285904e-02 1.422192994505167007e-02 1.055528316646814346e-02
1.410121563822031021e-02 -7.183945854194462299e-04 1.452937372960150242e-03 2.085655368864536285e-02 -2.192309685051441193e-02 1.371602434664964676e-02 3.027634136378765106e-02 -3.811805741861462593e-03 1.831086585298180580e-03 2.384723629802465439e-04
