2.362364679574966431e-01 2.323861718177795410e-01 7.196183204650878906e-01 2.880219221115112305e-01 2.331275641918182373e-01 1.449936628341674805e-01 -4.935782849788665771e-01 1.430877000093460083e-01 2.487466484308242798e-01 1.680120229721069336e-01
3.392798900604248047e-01 -4.521850049495697021e-01 -6.952524781227111816e-01 3.140397667884826660e-01 2.356375753879547119e-01 -2.135609835386276245e-02 7.122492790222167969e-02 1.321687251329421997e-01 1.840006113052368164e-01 1.542424261569976807e-01
7.134102634154260159e-05 2.151676744688302279e-05 6.341755215544253588e-05 7.433540758938761428e-06 2.838345835698419251e-06 -3.742755143321119249e-05 6.887983181513845921e-05 1.870203959697391838e-06 -4.563341281027533114e-05 -3.279252268839627504e-05
1.268463134765625000e-01 8.621282130479812622e-02 -1.982853934168815613e-02 -1.505125164985656738e-01 1.415263414382934570e-01 1.439790427684783936e-01 1.343408674001693726e-01 3.938230499625205994e-02 2.227038890123367310e-01 1.238972842693328857e-01
1.588181592524051666e-02 -1.285974518395960331e-03 -1.223383657634258270e-02 8.789736777544021606e-03 5.267667118459939957e-03 -6.873995065689086914e-03 4.106629639863967896e-03 9.135004132986068726e-03 -5.427915137261152267e-03 1.836555544286966324e-03
2.217982709407806396e-01 1.821942031383514404e-01 -2.890718579292297363e-01 -7.365664839744567871e-02 1.241224929690361023e-01 -1.070696860551834106e-01 2.106784433126449585e-01 3.492533788084983826e-02 3.847475349903106689e-02 1.537441089749336243e-02
4.264401793479919434e-01 2.373182326555252075e-01 1.211591601371765137e+00 4.035091698169708252e-01 2.215896695852279663e-01 2.164495438337326050e-01 -8.879088759422302246e-01 1.890676021575927734e-01 2.423105537891387939e-01 1.812126934528350830e-01
4.254176467657089233e-02 7.382825482636690140e-03 -2.475270256400108337e-02 1.517608016729354858e-02 6.697171367704868317e-03 -2.524797432124614716e-02 2.059448510408401489e-02 5.744758620858192444e-02 -3.070273995399475098e-02 -5.938961170613765717e-03
7.632522284984588623e-02 4.662754759192466736e-02 -1.036882176995277405e-01 5.086645111441612244e-02 4.998114425688982010e-03 -4.304027557373046875e-02 7.643814384937286377e-02 5.930859968066215515e-02 -1.339211612939834595e-01 6.136835366487503052e-02
1.178078800439834595e-01 1.014056429266929626e-01 -3.240986466407775879e-01 2.333293482661247253e-02 8.902858011424541473e-03 -2.506108582019805908e-02 1.410190761089324951e-01 3.597746416926383972e-02 -1.647774130105972290e-01 -5.811383947730064392e-02
