1.484378334134817123e-02 1.100383047014474869e-02 6.052293349057435989e-03 1.130533753894269466e-03 9.602420614100992680e-04 -7.046526670455932617e-02 2.062789164483547211e-02 -2.866164140868932009e-04 2.007602248340845108e-03 -4.334935452789068222e-03
1.255371258594095707e-03 -3.305645193904638290e-03 5.647988058626651764e-03 1.933584921061992645e-03 2.559727872721850872e-04 4.699719697237014771e-02 9.376139380037784576e-03 1.166169997304677963e-02 2.502541057765483856e-03 -3.247310174629092216e-03
1.863804273307323456e-02 1.875058189034461975e-02 3.167696064338088036e-03 -1.592815737240016460e-03 2.439979463815689087e-03 -6.062274798750877380e-03 -2.399716153740882874e-02 5.678966641426086426e-03 5.645708879455924034e-04 -3.780744969844818115e-03
-6.033682264387607574e-03 -2.809142135083675385e-02 1.044159848242998123e-02 8.749172091484069824e-03 2.632512897253036499e-02 3.560148924589157104e-02 1.475426554679870605e-01 1.376232225447893143e-02 -2.129704662365838885e-04 -1.948173716664314270e-02
9.560221433639526367e-01 9.925882220268249512e-01 1.304555535316467285e-01 1.339903334155678749e-03 2.522953450679779053e-01 5.008326843380928040e-03 1.137759834527969360e-01 3.579787909984588623e-02 2.739450894296169281e-03 2.251125313341617584e-02
2.178764715790748596e-02 1.814845763146877289e-02 5.546091124415397644e-03 1.537463860586285591e-03 -1.521592261269688606e-03 -2.523268014192581177e-02 1.197242364287376404e-02 8.627490751678124070e-05 2.231043996289372444e-03 -6.325146649032831192e-03
3.206393495202064514e-02 2.935693599283695221e-02 7.205441128462553024e-03 1.833235146477818489e-03 4.158917348831892014e-03 -2.602147683501243591e-02 -2.079741243505850434e-04 3.237283555790781975e-03 2.473601838573813438e-03 -3.143825102597475052e-03
3.121502697467803955e-02 2.804357372224330902e-02 1.091109309345483780e-02 7.327697239816188812e-04 7.889942266047000885e-03 1.181946834549307823e-03 2.047757618129253387e-03 2.216747729107737541e-03 8.647696813568472862e-04 -6.010959390550851822e-03
-3.209487721323966980e-02 -2.611600421369075775e-02 -1.750715263187885284e-02 -6.727713625878095627e-04 -9.778015315532684326e-03 -9.847531467676162720e-02 -1.516997367143630981e-01 -1.120777428150177002e-02 -1.277489122003316879e-02 -4.367810674011707306e-03
3.899686038494110107e-02 3.126252815127372742e-02 3.512195125222206116e-02 2.026711218059062958e-02 4.295314848423004150e-02 8.803698420524597168e-01 1.405095458030700684e+00 1.334322094917297363e-01 1.788452081382274628e-02 1.818750351667404175e-01
