-1.560506522655487061e-01 -2.433699555695056915e-03 1.512144599109888077e-02 3.170588519424200058e-03 5.608354136347770691e-02 -4.709348827600479126e-02 2.248463965952396393e-02 -3.686419501900672913e-02 5.129378754645586014e-03 -1.173495873808860779e-02
-9.096360206604003906e-02 -3.003361634910106659e-03 1.151642762124538422e-02 3.449910786002874374e-03 4.315522685647010803e-02 -5.341770499944686890e-02 2.355116792023181915e-02 -4.124805703759193420e-02 3.868523286655545235e-03 -2.481868676841259003e-02
-7.491432875394821167e-02 -1.887329621240496635e-03 1.076662354171276093e-02 1.109727541916072369e-03 3.374324738979339600e-02 -4.891542345285415649e-02 1.610974222421646118e-02 -4.106000810861587524e-02 2.133446047082543373e-03 -1.914424449205398560e-02
-1.539636492729187012e+00 2.714342204853892326e-03 9.020520746707916260e-02 4.012567549943923950e-02 -1.132593750953674316e-01 -4.188197255134582520e-01 1.927219182252883911e-01 -4.251976013183593750e-01 2.349576726555824280e-02 -2.881264090538024902e-01
-1.249767318367958069e-01 -4.500403255224227905e-02 3.430489450693130493e-02 -4.122321028262376785e-03 9.609423875808715820e-01 -5.900140106678009033e-02 -8.661620318889617920e-02 -5.145850777626037598e-02 -1.808634772896766663e-02 6.672272086143493652e-02
-6.352602690458297729e-02 -9.930998086929321289e-03 -1.575434952974319458e-02 -1.306023681536316872e-03 -4.321987740695476532e-03 2.304985970258712769e-01 -1.907670497894287109e-02 2.524220347404479980e-01 6.805701181292533875e-03 7.408758252859115601e-02
-1.337851434946060181e-01 -1.603569486178457737e-03 1.176604442298412323e-02 1.644697389565408230e-03 1.597101800143718719e-02 -3.969644755125045776e-02 1.604446023702621460e-02 -3.061617165803909302e-02 2.651609480381011963e-03 -4.047216847538948059e-03
-3.639313206076622009e-02 -6.058519240468740463e-03 -9.539308957755565643e-03 -1.445378875359892845e-03 -3.971743397414684296e-03 1.832585632801055908e-01 -1.663289219141006470e-02 2.020088136196136475e-01 2.837857929989695549e-03 4.854477569460868835e-02
-1.445760726928710938e+00 -4.762133467011153698e-04 8.953180164098739624e-02 3.398491814732551575e-02 -1.000381633639335632e-01 -3.849973976612091064e-01 2.006938010454177856e-01 -3.778476417064666748e-01 3.054384887218475342e-02 -2.955924272537231445e-01
3.956849873065948486e-02 -1.507286820560693741e-02 1.603979915380477905e-01 -2.241187542676925659e-02 2.699105069041252136e-02 1.010781079530715942e-01 -2.167924493551254272e-01 1.172216460108757019e-01 3.024450875818729401e-02 1.169485330581665039e+00
