9.618683457374572754e-01 1.096083879470825195e+00 1.003783702850341797e+00 9.287499785423278809e-01 1.205413341522216797e+00 8.673672080039978027e-01 9.411363601684570312e-01 1.182999849319458008e+00 1.086526751518249512e+00 1.007976651191711426e+00
9.638352990150451660e-01 1.098100662231445312e+00 1.011960744857788086e+00 9.307472109794616699e-01 1.207934379577636719e+00 8.693854212760925293e-01 9.430670142173767090e-01 1.185043573379516602e+00 1.088184475898742676e+00 1.010218262672424316e+00
9.653527736663818359e-01 1.099842786788940430e+00 1.016146898269653320e+00 9.322602748870849609e-01 1.209847807884216309e+00 8.710093498229980469e-01 9.446751475334167480e-01 1.186216592788696289e+00 1.090075373649597168e+00 1.011804103851318359e+00
9.667857885360717773e-01 1.101080179214477539e+00 1.019168019294738770e+00 9.335917234420776367e-01 1.210672020912170410e+00 8.722995519638061523e-01 9.459487795829772949e-01 1.187930345535278320e+00 1.091518998146057129e+00 1.013074278831481934e+00
9.681311249732971191e-01 1.102471828460693359e+00 1.015459418296813965e+00 9.349377751350402832e-01 1.211761713027954102e+00 8.736270666122436523e-01 9.473940134048461914e-01 1.189307212829589844e+00 1.092675089836120605e+00 1.014334797859191895e+00
9.694238305091857910e-01 1.103659510612487793e+00 1.017223715782165527e+00 9.361978769302368164e-01 1.213189363479614258e+00 8.747580051422119141e-01 9.485914111137390137e-01 1.190751791000366211e+00 1.093783974647521973e+00 1.015515565872192383e+00
9.711198806762695312e-01 1.105231761932373047e+00 1.020724654197692871e+00 9.378030896186828613e-01 1.214516878128051758e+00 8.764575123786926270e-01 9.502549171447753906e-01 1.192225098609924316e+00 1.095569610595703125e+00 1.017244696617126465e+00
9.720745086669921875e-01 1.106298685073852539e+00 1.017789602279663086e+00 9.388321638107299805e-01 1.215757966041564941e+00 8.774941563606262207e-01 9.512739181518554688e-01 1.193094134330749512e+00 1.096697568893432617e+00 1.018369317054748535e+00
9.734156727790832520e-01 1.107819795608520508e+00 1.024979829788208008e+00 9.401522874832153320e-01 1.217773795127868652e+00 8.788353800773620605e-01 9.525421857833862305e-01 1.194366097450256348e+00 1.097834467887878418e+00 1.019634485244750977e+00
9.753114581108093262e-01 1.109342694282531738e+00 1.027490258216857910e+00 9.420466423034667969e-01 1.218667984008789062e+00 8.805594444274902344e-01 9.544102549552917480e-01 1.195957660675048828e+00 1.099390387535095215e+00 1.021353483200073242e+00
