4.186235948218109404e-01 -2.256149776581835298e-02 3.278880862097590221e+00 1.115434983249990131e+00 -1.180257607733701253e+00 -2.170687632487247609e-02 5.819783577397258378e-01 -6.323558643420342136e-03 -1.190517094665358849e-02 -1.549703505160848066e-02
-2.864894036615938874e-02 -7.696347505146164392e-02 1.509540846693639650e-03 1.134507843147690265e+00 -2.334631786893996974e+00 -2.170688161768467156e-02 -2.367069153955594918e-02 -7.031121874310776454e-02 -1.190764555925356329e-02 -1.549833798834013461e-02
-2.864892158496461921e-02 -2.256150375951146772e-02 -2.369497922074678886e-06 -2.208026103134774071e-02 -2.017238418480301818e-03 -2.170687613598111521e-02 -2.366545569354588235e-02 -6.314759325817790800e-03 -1.190682190033901314e-02 -1.549828087461567819e-02
-2.864892174369464833e-02 -2.256165594409413611e-02 9.988274590635917161e-01 9.568090894770455712e-01 -9.281978231498835483e-03 7.945584690606698475e-01 -2.366606843248392211e-02 -6.314608350344818460e-03 -1.190006971096630589e-02 -1.549828152236672890e-02
-2.864892166652896477e-02 -2.256152736859706395e-02 1.197517711977438504e+00 -2.208026106676398356e-02 -2.017251069421386461e-03 -2.170687617395464925e-02 -2.366545610234931096e-02 -6.314124012170019284e-03 -1.190682161223023325e-02 -1.549828117557001776e-02
-7.308780001225279391e-03 5.137615934669101936e-01 2.298034885931306004e+00 2.063283879703457779e-01 1.883421511843195312e-02 5.934572433035406602e-01 2.015412666243240614e-01 4.251994557347440161e-03 1.889116160287628021e-02 4.012049513904132093e-03
0.000000000000000000e+00 0.000000000000000000e+00 0.000000000000000000e+00 0.000000000000000000e+00 0.000000000000000000e+00 0.000000000000000000e+00 0.000000000000000000e+00 0.000000000000000000e+00 0.000000000000000000e+00 0.000000000000000000e+00
-2.864892170480715788e-02 -2.256150438417950377e-02 7.352109334666486751e-01 -2.208026104423645858e-02 -1.968290801952893125e-03 -2.170687614251908676e-02 -2.366545566593856315e-02 6.210207737074133760e-01 -1.190686813274617444e-02 -1.549829437805600243e-02
-2.864892893051277853e-02 -4.735921764980713378e-02 1.852881550889161844e+00 -2.208025612276801747e-02 -2.017227205560491714e-03 -2.170687645482654443e-02 -2.366545625560433769e-02 -6.314758332245283545e-03 -1.190680888908157015e-02 8.937411250555898912e-01
1.049371819981399084e-04 9.408818977715257062e-03 2.272930244305733927e-01 -1.039421058102748922e-02 3.561921513062375755e-02 5.835617864826466716e-01 -1.016461859330792909e-03 1.075906141696633331e-04 -1.185668461437467021e-02 1.399546188623441156e-01
