2.126212697427519172e-01 -2.250972350220124471e-02 1.421785628408034086e+02 1.510015989163032923e+00 -1.985508181277499933e-03 -2.161169165609719972e-02 4.896368916066003996e-01 -6.267312202286162356e-03 -1.177472506076651139e-02 -1.551603010495389984e-02
-2.861171105574943779e-02 -3.288436047924139682e+00 -9.604263438024790434e-02 3.012244381597834586e+00 -1.031781496820394928e+01 -2.161161217639873469e-02 -2.375879987864603152e-02 1.404325018848250409e-02 -1.189223573147348174e-02 -1.551183625893112587e-02
-2.861171921043137792e-02 -2.250972503472958158e-02 -2.305026435645776039e-06 -2.192864711044546083e-02 -2.013744113582465085e-03 -2.161163584159294521e-02 -2.375749763143582965e-02 -6.267249033686828411e-03 -1.189194403327088062e-02 -1.551603446454931194e-02
-2.861171578014495842e-02 -2.252754304868617719e-02 1.641323078264852686e+00 9.391548601690611342e-01 -6.282688957041720861e-03 7.349871311789487605e-01 -2.375749778463264600e-02 -6.160471668824595362e-03 -1.441190689453918788e-02 -1.551242065742534579e-02
-2.861171919546194597e-02 -2.250972613538570338e-02 -1.110001114178127635e+00 -2.192864710839522238e-02 -2.013739118200010177e-03 -2.161163584659704651e-02 -2.375749765262819696e-02 -6.267227456795042111e-03 -1.189195229426015001e-02 -1.551603462927175769e-02
-1.813509713317294596e-03 5.147602130594504111e-01 2.035803177312005108e+00 1.969412905456566498e-01 3.273728847111679469e-03 6.047843283349095822e-01 1.960105323711834324e-01 1.508286634514571442e-02 1.862698996115337916e-02 3.999047906003382058e-04
1.124975125275907484e+00 -2.250971469579458525e-02 2.525781622206041632e+00 1.805905523560135673e-01 -3.527215358526765779e-03 -4.995020217295708526e-03 3.701289349387705263e-01 -6.267248288533217720e-03 -1.155743699833668148e-02 -1.551606067044411855e-02
-2.861172062485891482e-02 -2.250971556969501644e-02 4.819103968199442978e-01 -2.192864774776807218e-02 -1.898418533265583408e-03 -2.161163578666227408e-02 -2.375750018722397328e-02 7.912570880546412333e-01 -1.189194079212315715e-02 -1.551603446392188328e-02
-2.861171910596891493e-02 -2.250972384285867406e-02 1.289412848958304769e+00 -2.192864744354296874e-02 -2.013743840969871128e-03 -2.161163459159192932e-02 -2.375749754777851941e-02 -6.267271471772141792e-03 -1.189278196349574657e-02 7.469063156449504692e-01
-2.795060145801525620e-03 1.219422388483831429e-02 -2.305026315261739336e-06 -4.334579514138209300e-03 2.794638968444251165e-02 5.899385849196401299e-01 8.479346085086291764e-04 -6.265736807684576387e-03 -3.729654929416876142e-03 1.424589531429898970e-01
