-3.460243225097656250e+00 -1.435961574316024780e-01 -1.059292182326316833e-01 -1.442525386810302734e-01 -3.284776806831359863e-01 -1.164911985397338867e-01 -1.594239324331283569e-01 -2.874130606651306152e-01 -2.009156942367553711e-01 -2.210908383131027222e-01 -5.975332483649253845e-02 -2.271970510482788086e-01 -2.393285334110260010e-01 -1.652953177690505981e-01 -2.530700266361236572e-01
-3.622131109237670898e+00 2.507294714450836182e-01 -5.808498337864875793e-02 -2.426649183034896851e-01 -3.141602873802185059e-01 -1.942894607782363892e-01 -2.397195845842361450e-01 -3.731036782264709473e-01 -2.474666833877563477e-01 -2.805409133434295654e-01 1.848399452865123749e-02 -3.138228654861450195e-01 -2.654471993446350098e-01 -1.564566642045974731e-01 -2.885529100894927979e-01
-1.389153766632080078e+01 -2.416324615478515625e-01 3.809875547885894775e-01 -3.941691517829895020e-01 -5.055432319641113281e-01 -2.166241407394409180e-01 -2.415858954191207886e-01 -3.901956677436828613e-01 -4.223980903625488281e-01 -3.925808370113372803e-01 -1.468524187803268433e-01 -3.968029320240020752e-01 -3.999779522418975830e-01 -2.686867117881774902e-01 -3.600234985351562500e-01
2.116672039031982422e+00 1.999859213829040527e-01 -2.841627895832061768e-01 -2.467985898256301880e-01 -4.949744641780853271e-01 -1.507729589939117432e-01 -3.923057764768600464e-02 -5.779054164886474609e-01 -1.510890573263168335e-01 -3.285137712955474854e-01 1.079457066953182220e-02 7.085338234901428223e-02 -2.407736629247665405e-01 -1.326917111873626709e-01 -1.670466363430023193e-01
-4.131526947021484375e+00 -8.662238717079162598e-01 -3.043173849582672119e-01 -7.033297419548034668e-01 -4.163159132003784180e-01 -5.594280362129211426e-01 -6.865450143814086914e-01 -9.204885363578796387e-01 -8.120429515838623047e-01 -5.314306020736694336e-01 -1.107234835624694824e+00 -8.069674372673034668e-01 -1.221679925918579102e+00 -5.949114561080932617e-01 -1.161930918693542480e+00
-3.716339349746704102e+00 -4.007365405559539795e-01 -1.919079124927520752e-01 -1.456687450408935547e-01 -4.359708130359649658e-01 -7.018827646970748901e-02 -3.305178582668304443e-01 -5.730456113815307617e-01 -2.970920205116271973e-01 -2.469402849674224854e-01 -1.333343088626861572e-01 -4.305872619152069092e-01 -3.794316351413726807e-01 -3.217065632343292236e-01 -4.782479703426361084e-01
-1.473051929473876953e+01 -2.902596294879913330e-01 -2.073453515768051147e-01 -3.283669352531433105e-01 -5.072503685951232910e-01 -1.519505530595779419e-01 -9.236051142215728760e-02 -3.982945084571838379e-01 -3.859629631042480469e-01 -3.927017152309417725e-01 -1.817796379327774048e-01 -4.013229608535766602e-01 -4.086663722991943359e-01 -3.298043310642242432e-01 -3.630602955818176270e-01
-4.441407203674316406e+00 -1.891975998878479004e-01 -9.592035412788391113e-02 -2.090867757797241211e-01 -4.828640222549438477e-01 -1.399461925029754639e-01 -2.963389456272125244e-01 -1.341355144977569580e-01 -3.302720785140991211e-01 -3.625092208385467529e-01 -1.770755052566528320e-01 -3.975441753864288330e-01 -3.768303990364074707e-01 -2.661765515804290771e-01 -3.132966756820678711e-01
9.448652863502502441e-01 2.757350802421569824e-01 -9.553861618041992188e-02 -7.247424125671386719e-02 -2.030117362737655640e-01 -8.666837215423583984e-02 8.375543355941772461e-02 -1.891807913780212402e-01 -2.342555969953536987e-01 -2.378857284784317017e-01 2.630975544452667236e-01 -2.484266012907028198e-01 -1.294786185026168823e-01 -1.311095356941223145e-01 -1.919011473655700684e-01
2.095076084136962891e+00 -2.825742661952972412e-01 -4.760041534900665283e-01 -5.202466845512390137e-01 -1.039155602455139160e+00 -2.501682937145233154e-01 -2.848555743694305420e-01 -1.119795799255371094e+00 -5.508884191513061523e-01 -1.596484147012233734e-02 -5.851212143898010254e-01 -8.358256816864013672e-01 -6.574770808219909668e-01 -2.952904105186462402e-01 -6.002519726753234863e-01
-2.207432746887207031e+00 -1.127088814973831177e-01 -5.091854557394981384e-02 -1.098040491342544556e-01 -2.308343797922134399e-01 -1.429919302463531494e-01 -2.415719777345657349e-01 -3.089026212692260742e-01 -1.805461347103118896e-01 -1.968484073877334595e-01 1.059818193316459656e-01 -2.979309260845184326e-01 -3.070676326751708984e-01 -1.411745101213455200e-01 -2.550432980060577393e-01
9.329097867012023926e-01 -7.904009222984313965e-01 -7.750298380851745605e-01 -7.097428441047668457e-01 -1.034001708030700684e+00 -4.195530712604522705e-01 -1.069472551345825195e+00 -1.389772891998291016e+00 -3.549093306064605713e-01 -6.551793813705444336e-01 -1.809574514627456665e-01 3.049158751964569092e-01 -4.864227175712585449e-01 -6.442044973373413086e-01 -7.331063151359558105e-01
-4.433027267456054688e+00 -1.797816604375839233e-01 -1.183626279234886169e-01 -1.265418678522109985e-01 -2.034344077110290527e-01 -1.180923804640769958e-01 -1.611193567514419556e-01 -2.421024441719055176e-01 -1.472050994634628296e-01 -1.590026915073394775e-01 -8.242526650428771973e-02 -2.258394509553909302e-01 -6.228693202137947083e-02 -1.327542960643768311e-01 -1.986539214849472046e-01
5.292419195175170898e-01 1.361110508441925049e-01 1.214181110262870789e-01 9.394630789756774902e-02 5.975130945444107056e-02 8.089400827884674072e-02 6.186066567897796631e-02 9.331542253494262695e-02 -2.859043143689632416e-02 -1.494434662163257599e-02 2.424599379301071167e-01 1.717557609081268311e-01 1.832922175526618958e-02 -2.580908238887786865e-01 -1.155291963368654251e-02
9.004890322685241699e-01 -5.106246471405029297e-01 -5.865135788917541504e-01 -3.969404697418212891e-01 -1.095762491226196289e+00 -4.986990690231323242e-01 -4.977587461471557617e-01 -9.466710090637207031e-01 -6.571834683418273926e-01 -5.440459847450256348e-01 2.807011902332305908e-01 -6.712265014648437500e-01 -5.839155912399291992e-01 -3.696390092372894287e-01 -3.624761700630187988e-01
