1.037074685096740723e+00 1.045564174652099609e+00 1.034663200378417969e+00 1.024794340133666992e+00 8.118690252304077148e-01 1.019656896591186523e+00 1.046770453453063965e+00 1.040171861648559570e+00 1.024924635887145996e+00 8.099744319915771484e-01 1.014597415924072266e+00 1.026125550270080566e+00 1.022407889366149902e+00 1.023944020271301270e+00 8.007528781890869141e-01
1.038567781448364258e+00 1.052097201347351074e+00 1.041655182838439941e+00 1.027326226234436035e+00 8.140728473663330078e-01 1.026325225830078125e+00 1.049796462059020996e+00 1.042286515235900879e+00 1.028720617294311523e+00 8.133664131164550781e-01 1.015759706497192383e+00 1.025177597999572754e+00 1.027541875839233398e+00 1.025450944900512695e+00 8.041412830352783203e-01
1.041234612464904785e+00 1.049996733665466309e+00 1.041612267494201660e+00 1.030327796936035156e+00 8.157187700271606445e-01 1.030163168907165527e+00 1.049960136413574219e+00 1.046268105506896973e+00 1.031425356864929199e+00 8.157035112380981445e-01 1.014797091484069824e+00 1.028959751129150391e+00 1.027987241744995117e+00 1.028552770614624023e+00 8.055049180984497070e-01
1.041343569755554199e+00 1.050537705421447754e+00 1.045755982398986816e+00 1.031630158424377441e+00 8.177277445793151855e-01 1.026872515678405762e+00 1.055051207542419434e+00 1.050019621849060059e+00 1.033165931701660156e+00 8.169749975204467773e-01 1.018806576728820801e+00 1.031220197677612305e+00 1.032849073410034180e+00 1.030215263366699219e+00 8.077640533447265625e-01
1.042989373207092285e+00 1.052991867065429688e+00 1.043503999710083008e+00 1.034780979156494141e+00 8.190335631370544434e-01 1.029111027717590332e+00 1.056554198265075684e+00 1.047767281532287598e+00 1.035421252250671387e+00 8.188675045967102051e-01 1.022314548492431641e+00 1.035114169120788574e+00 1.034182429313659668e+00 1.032534003257751465e+00 8.088275194168090820e-01
1.049733281135559082e+00 1.055562138557434082e+00 1.047453045845031738e+00 1.036242127418518066e+00 8.225351572036743164e-01 1.030262589454650879e+00 1.059687733650207520e+00 1.054224252700805664e+00 1.038200497627258301e+00 8.216937780380249023e-01 1.027561426162719727e+00 1.042210221290588379e+00 1.031852841377258301e+00 1.034354567527770996e+00 8.114816546440124512e-01
1.052581548690795898e+00 1.066373109817504883e+00 1.048485159873962402e+00 1.037768244743347168e+00 8.236500620841979980e-01 1.032601833343505859e+00 1.061745047569274902e+00 1.055083632469177246e+00 1.039255976676940918e+00 8.241309523582458496e-01 1.030349969863891602e+00 1.036907792091369629e+00 1.042100310325622559e+00 1.037062168121337891e+00 8.141945004463195801e-01
1.053305268287658691e+00 1.061374664306640625e+00 1.049086213111877441e+00 1.040358424186706543e+00 8.258371949195861816e-01 1.041149854660034180e+00 1.058960199356079102e+00 1.057027816772460938e+00 1.041674494743347168e+00 8.257152438163757324e-01 1.024167895317077637e+00 1.036262273788452148e+00 1.036619544029235840e+00 1.037211298942565918e+00 8.146535158157348633e-01
1.055960059165954590e+00 1.059703946113586426e+00 1.052432656288146973e+00 1.042052626609802246e+00 8.277102112770080566e-01 1.036430120468139648e+00 1.063485383987426758e+00 1.058167457580566406e+00 1.043412446975708008e+00 8.270335793495178223e-01 1.028850317001342773e+00 1.040154337882995605e+00 1.041489958763122559e+00 1.040514230728149414e+00 8.174124956130981445e-01
1.055249214172363281e+00 1.063497185707092285e+00 1.052506446838378906e+00 1.045588016510009766e+00 8.297775983810424805e-01 1.041703104972839355e+00 1.067408323287963867e+00 1.058313608169555664e+00 1.045989632606506348e+00 8.300428986549377441e-01 1.034514784812927246e+00 1.041262030601501465e+00 1.043636083602905273e+00 1.043161273002624512e+00 8.203597068786621094e-01
1.062280535697937012e+00 1.066540598869323730e+00 1.058562994003295898e+00 1.047680020332336426e+00 8.336638212203979492e-01 1.042246580123901367e+00 1.067372441291809082e+00 1.060574412345886230e+00 1.047861695289611816e+00 8.311975598335266113e-01 1.033651828765869141e+00 1.052063107490539551e+00 1.042155861854553223e+00 1.045027256011962891e+00 8.222528100013732910e-01
1.067234635353088379e+00 1.068858265876770020e+00 1.060722708702087402e+00 1.048932194709777832e+00 8.346197605133056641e-01 1.047479629516601562e+00 1.071277737617492676e+00 1.064205169677734375e+00 1.050324082374572754e+00 8.346238732337951660e-01 1.039797425270080566e+00 1.046703934669494629e+00 1.047646284103393555e+00 1.047381281852722168e+00 8.245788216590881348e-01
1.072175383567810059e+00 1.071190237998962402e+00 1.060305953025817871e+00 1.051888823509216309e+00 8.350707292556762695e-01 1.046647787094116211e+00 1.072147727012634277e+00 1.063930273056030273e+00 1.053173184394836426e+00 8.370292186737060547e-01 1.036038160324096680e+00 1.044506311416625977e+00 1.047524452209472656e+00 1.048541069030761719e+00 8.260287642478942871e-01
1.073681831359863281e+00 1.071280241012573242e+00 1.064375519752502441e+00 1.052259087562561035e+00 8.389309048652648926e-01 1.047864198684692383e+00 1.075751543045043945e+00 1.067068696022033691e+00 1.053984045982360840e+00 8.373036980628967285e-01 1.040372729301452637e+00 1.052465796470642090e+00 1.050694227218627930e+00 1.051127076148986816e+00 8.286668658256530762e-01
1.074944853782653809e+00 1.076196074485778809e+00 1.063525676727294922e+00 1.054809808731079102e+00 8.400034308433532715e-01 1.050043582916259766e+00 1.073544979095458984e+00 1.071189522743225098e+00 1.055954456329345703e+00 8.401929736137390137e-01 1.044297099113464355e+00 1.055008530616760254e+00 1.054679989814758301e+00 1.053199291229248047e+00 8.303456306457519531e-01
