-1.994550257222726941e-04 7.470352109521627426e-03 4.631239455193281174e-03 -8.820601506158709526e-04 4.408678505569696426e-03 -9.808525210246443748e-04 3.520590718835592270e-03 4.718823358416557312e-03 -1.052429201081395149e-03 3.924314863979816437e-03
-3.713640326168388128e-04 6.372172385454177856e-03 5.234055221080780029e-03 8.061771513894200325e-04 5.084661766886711121e-03 -9.090192033909261227e-04 2.449373947456479073e-03 3.358874702826142311e-03 -9.198224870488047600e-04 3.994731698185205460e-03
-6.500320741906762123e-04 6.375033408403396606e-03 3.879799041897058487e-03 -1.652218750678002834e-03 3.580378368496894836e-03 -1.092922524549067020e-03 2.034746110439300537e-03 2.983171027153730392e-03 -7.771261152811348438e-04 4.391739610582590103e-03
-1.126508042216300964e-02 2.969445101916790009e-02 2.058504708111286163e-02 4.064942151308059692e-02 3.185915201902389526e-02 -4.461664706468582153e-03 6.690878421068191528e-03 9.603671729564666748e-03 1.935515925288200378e-02 1.995153911411762238e-02
-6.554488092660903931e-03 2.588618360459804535e-02 3.909732028841972351e-02 1.131114829331636429e-02 7.563499361276626587e-02 -4.246316384524106979e-03 7.972523570060729980e-03 1.080023311078548431e-02 -1.558828284032642841e-03 3.453591093420982361e-02
-1.098298816941678524e-03 7.497220765799283981e-03 4.459216259419918060e-03 2.504775999113917351e-03 6.458773277699947357e-03 -1.272152760066092014e-03 2.581453183665871620e-03 2.528109820559620857e-03 -8.250891114585101604e-04 3.832261078059673309e-03
-1.169292256236076355e-03 5.917423404753208160e-03 5.022410769015550613e-03 2.044707071036100388e-03 6.399740930646657944e-03 -1.144666690379381180e-03 1.558236894197762012e-03 2.520931651815772057e-03 6.855147657915949821e-04 3.032095264643430710e-03
2.668542438186705112e-04 3.866450395435094833e-03 6.220992654561996460e-03 -4.943500971421599388e-04 3.486667759716510773e-03 -1.220585429109632969e-03 1.804529223591089249e-03 3.349946346133947372e-03 -1.430039876140654087e-03 2.449630526825785637e-03
-7.813919219188392162e-04 5.887944623827934265e-02 2.273297123610973358e-02 -9.226636029779911041e-03 1.407988462597131729e-02 -1.916875876486301422e-02 1.387113798409700394e-02 4.142659530043601990e-02 -6.463401485234498978e-03 8.130235597491264343e-03
-4.315184429287910461e-03 2.624917775392532349e-02 2.462165057659149170e-02 -3.585248196031898260e-04 4.075862839818000793e-02 -2.443041419610381126e-03 1.418552733957767487e-02 2.596019208431243896e-02 -9.376165457069873810e-03 5.750947445631027222e-02
