2.610461649360832585e-06 3.874757655117651996e-06 1.117065820011798707e-06 6.278138737633933049e-04 4.022788592469499582e-04 4.954843304181523334e-06 2.446780165871899677e-06 1.776938862705645390e-06 7.030203988980146101e-04 2.290245731932313584e-04
3.554812699922881621e-06 1.009407040798633849e-06 0.000000000000000000e+00 6.062629248556382442e-04 3.000902251621659117e-04 4.569909819654769394e-06 4.102808904088742826e-06 2.203188848287726214e-06 7.692455056089277706e-04 3.046661744303103513e-04
2.607193405010523437e-06 4.425775199855363064e-06 1.480616025907662996e-06 6.952602150841741659e-04 3.813507735650543246e-04 2.908564229805652987e-06 2.002117451356319817e-06 5.091106314964052331e-06 5.153673497667534027e-04 3.333348554508763317e-04
4.611274740198065660e-04 3.993423064119203721e-04 4.667526463663845349e-04 4.217698252145777975e-03 1.621764057958589031e-03 4.937332578070346154e-04 4.443634392076857109e-04 2.316866461337835934e-04 3.541563719350605301e-03 1.732708504051592470e-03
2.045226093977143157e-03 1.658101220207393485e-03 1.173047743919790982e-03 3.135608948823475316e-03 1.549175709710289700e-02 2.416985980095565853e-16 2.118927561628900586e-16 2.205359657936006448e-16 3.379946775167322684e-03 1.957394661062569589e-03
2.660696296014498140e-06 4.165079415535200858e-06 5.811575263555380154e-06 6.801044720933217434e-04 3.081135482299105204e-04 6.553131352348043513e-06 4.583649320923929789e-06 2.065674895896519645e-06 7.945923772374540546e-04 3.825148894234151032e-04
3.429725864958842328e-06 1.960472163184366504e-06 4.395662463040491566e-06 6.682901675270168764e-04 3.324617684751759506e-04 2.934306541329139131e-06 3.166144885537120678e-06 3.703094571927233480e-06 8.203152910735208182e-04 3.126554237624121040e-04
1.926064701307488454e-06 3.647169846983668346e-06 2.449350924237074426e-06 6.628821695009377542e-04 4.820140398793536815e-04 5.486689961189599672e-06 1.864325821587896399e-06 3.796067617936244272e-06 5.894369743991501650e-04 3.098946197421897615e-04
5.048606779573564744e-04 6.746541356154655894e-04 5.874468708523916498e-04 3.816061156329597637e-03 1.625999152362880710e-03 4.610932483745332731e-04 2.579787291796284778e-04 5.500584450214382904e-04 4.371414234723073992e-03 1.722108773324544564e-03
2.119517595962931804e-06 2.253648339831563608e-06 2.211514020590440362e-06 3.105660882938006667e-03 1.964005458270125844e-03 1.991862462834147803e-03 1.908044070274976609e-03 1.410510569554236041e-03 3.122665850225286172e-03 1.681941950708378680e-02
