2.915945781853405694e-01 4.275001583737709490e-04 1.611297172277208201e-02 1.279869676537881418e-01 3.595895773448987698e-01 0.000000000000000000e+00 2.239056239230476086e-01 6.778787321011207900e-02 3.213673024126051936e-01 2.555879208735555852e-01
0.000000000000000000e+00 3.557632995494718342e-01 3.756637572108768586e-01 5.616365208122268970e-02 3.008854041062653528e-01 0.000000000000000000e+00 7.055953745522745846e-02 7.398698712255779089e-03 0.000000000000000000e+00 2.351652549850860672e-03
0.000000000000000000e+00 0.000000000000000000e+00 4.389514152902995181e-01 4.356843587126028872e-02 2.694360173548442927e-01 0.000000000000000000e+00 4.416384214429691646e-02 1.764185810863320436e-01 5.565479631150747064e-01 0.000000000000000000e+00
1.483418928411501126e-03 0.000000000000000000e+00 0.000000000000000000e+00 2.803423384149344444e-01 2.184252921669456171e-01 3.518872277284913058e-02 3.727723947123993010e-03 2.307125391353824929e-03 0.000000000000000000e+00 8.147673456227879502e-03
1.781874470231454774e-02 3.575862195690053535e-03 2.217437916519579902e-02 7.074992136771599471e-04 2.572170364198023140e-01 3.860159570763029013e-03 0.000000000000000000e+00 4.574660745264935192e-03 8.308268554017086971e-02 2.613039339756153059e-03
2.877584377721064367e-03 2.298239349167044768e-02 2.720101727945448827e-02 4.416723124316798699e-01 2.525159398158260959e-01 7.215403879910296803e-02 4.489671049341829173e-02 1.402474908208566594e-02 0.000000000000000000e+00 0.000000000000000000e+00
1.114151264368962307e-01 1.164078588764348374e-02 5.929708177240106386e-04 3.070834558926913149e-02 2.480597544351957340e-01 1.158891348246217888e-02 1.079985596493327343e-01 1.851679575420402124e-02 0.000000000000000000e+00 8.565539838179373616e-03
5.791460106655143408e-02 1.249234366596319902e-02 1.096025743469166737e-02 4.174734934749246146e-02 2.571322160047625482e-01 2.885142808078374442e-03 6.802695780961871830e-02 6.122071084722238016e-02 6.572142849530649387e-03 2.714365327311034359e-02
2.783403190780109684e-02 0.000000000000000000e+00 5.026674303555533907e-02 4.003258925468985291e-02 2.973735015709446650e-01 4.008218057755799299e-03 2.859818028671389997e-02 5.967698670851647250e-03 3.212603946755838713e-01 2.247942566722238317e-03
0.000000000000000000e+00 0.000000000000000000e+00 0.000000000000000000e+00 1.399053874610903594e-02 2.057674382298122495e-01 2.859703957370265601e-02 0.000000000000000000e+00 0.000000000000000000e+00 0.000000000000000000e+00 6.297260299057085842e-01
