1.416591703891754150e-01 -1.589783281087875366e-02 -3.789014220237731934e-01 3.031276538968086243e-02 4.951943457126617432e-02 7.588160783052444458e-02 -6.089886277914047241e-02 3.440320864319801331e-02 9.695200622081756592e-02 1.122912839055061340e-01
1.399520486593246460e-01 2.134882360696792603e-01 2.174006700515747070e-01 -2.766790241003036499e-02 1.465678215026855469e-01 9.043511748313903809e-02 2.198727102950215340e-03 -2.398675493896007538e-02 -7.730930577963590622e-03 1.739983409643173218e-01
7.877741754055023193e-02 -3.932618349790573120e-02 2.808296121656894684e-02 -8.759357035160064697e-03 -4.219395294785499573e-02 -1.607004180550575256e-02 -3.721783310174942017e-02 -2.614671364426612854e-02 -9.487112052738666534e-03 -4.232323262840509415e-03
-4.961530864238739014e-01 -4.487487673759460449e-02 -1.118510127067565918e+00 3.680541515350341797e-01 6.311393529176712036e-02 6.562121957540512085e-02 -3.051077201962471008e-02 3.938537556678056717e-03 3.806171938776969910e-02 1.146161854267120361e-01
1.138726994395256042e-01 -5.752223730087280273e-02 4.955065846443176270e-01 -1.659488119184970856e-02 1.370539069175720215e-01 -1.052126195281744003e-02 -4.749559238553047180e-02 1.514379214495420456e-02 -8.520688861608505249e-03 8.619799278676509857e-03
-1.268866539001464844e+01 3.842040151357650757e-02 -6.297298073768615723e-01 2.278897911310195923e-02 7.529094070196151733e-02 5.585796833038330078e-01 9.760044515132904053e-02 3.142893314361572266e-02 1.627461314201354980e-01 8.671299368143081665e-02
-1.063141003251075745e-01 3.731866180896759033e-01 -7.263206243515014648e-01 2.631555199623107910e-01 5.764357447624206543e-01 -1.629643440246582031e-01 5.515848100185394287e-02 2.621499300003051758e-01 2.725479304790496826e-01 -2.284409254789352417e-01
-2.727987527847290039e+00 7.960545271635055542e-02 3.125368952751159668e-01 -4.873301088809967041e-02 1.047720611095428467e-01 -5.738367140293121338e-02 -1.449031531810760498e-01 3.009610474109649658e-01 1.040965691208839417e-01 -2.474449388682842255e-02
1.265411615371704102e+00 -4.016543924808502197e-01 5.277107954025268555e-01 1.275573018938302994e-02 -3.190854489803314209e-01 -6.693828105926513672e-02 -3.868127167224884033e-01 -2.120270133018493652e-01 1.438789963722229004e-01 -1.868477910757064819e-01
-2.257019519805908203e+00 -5.108876898884773254e-02 -2.795402407646179199e-01 -4.002722725272178650e-02 -4.001859202980995178e-02 -1.176733970642089844e-01 1.095832586288452148e-01 -1.013446077704429626e-01 1.230407580733299255e-01 3.657697439193725586e-01
