2.506772043222884605e-01 3.727251874974399359e-02 9.004123017939479334e-01 1.913312477996197969e-01 7.927324967420670276e-01 4.145716584971580881e-02 1.939165817337201170e-01 5.453975026191196784e-01 2.935359345422646205e-01 1.503207973290399679e-01
1.100838062491426433e-02 2.673189381564908262e-01 9.004084243758029293e-01 1.377871388766258032e-01 8.186173981238706876e-01 9.813176711205209152e-03 0.000000000000000000e+00 5.472842920833527192e-01 2.875948259119832651e-01 1.363029877052154837e-01
0.000000000000000000e+00 0.000000000000000000e+00 9.003548625821575779e-01 0.000000000000000000e+00 7.753269144791035128e-01 0.000000000000000000e+00 0.000000000000000000e+00 4.933308700217977627e-01 2.018062050711446342e-01 2.049492675415464163e-02
2.519859045173067358e-02 3.391352606919346285e-02 9.003696710553890092e-01 3.125868220141491682e-01 7.904954328863079693e-01 1.447728064684848936e-01 1.793451868457181242e-02 5.448441449163535788e-01 2.923356479523647744e-01 1.535920281749598160e-01
0.000000000000000000e+00 0.000000000000000000e+00 9.003537077160707058e-01 0.000000000000000000e+00 7.780857643565930459e-01 0.000000000000000000e+00 0.000000000000000000e+00 5.010344006253432125e-01 2.145268409968244250e-01 3.689904083637095267e-02
4.625708063513338936e-02 3.324385726748316922e-02 9.003621294613334269e-01 4.247958248577295842e-02 7.928702493843635679e-01 7.084159065782281994e-02 6.109991914069610314e-02 5.488565261270520468e-01 3.015968267743344144e-01 1.723536819096423145e-01
3.800532348480131772e-01 8.733563271200204398e-03 9.003764371217973794e-01 6.181734493032953193e-02 7.891369132976872036e-01 3.549304185057910316e-02 1.635485538033200903e-01 5.333151256516579508e-01 2.746852916943668954e-01 1.305397209535903991e-01
0.000000000000000000e+00 0.000000000000000000e+00 9.003931116120377220e-01 0.000000000000000000e+00 7.827461773234933862e-01 0.000000000000000000e+00 0.000000000000000000e+00 5.786670262022810540e-01 2.414389175899588902e-01 7.122149310275677214e-02
0.000000000000000000e+00 0.000000000000000000e+00 9.003664354569499428e-01 0.000000000000000000e+00 7.889233802059129053e-01 0.000000000000000000e+00 0.000000000000000000e+00 5.318375036619206186e-01 3.084633611980724388e-01 2.649134091266030500e-01
8.457897550354521315e-03 2.025622782258697848e-03 9.003524135286515850e-01 1.573129509208473498e-02 7.919648889427213234e-01 4.031481736142196459e-02 1.110388962881034801e-02 5.428156544015984020e-01 2.957620104932781602e-01 1.639296561274508068e-01
