9.848971366882324219e-01 1.054051280021667480e+00 1.039010405540466309e+00 1.015710592269897461e+00 7.832515239715576172e-01 1.026205182075500488e+00 1.023154854774475098e+00 9.698268175125122070e-01 1.009342908859252930e+00 7.865882515907287598e-01
1.007006525993347168e+00 1.030987024307250977e+00 1.025030255317687988e+00 1.027634143829345703e+00 7.890796065330505371e-01 1.001679897308349609e+00 1.009542584419250488e+00 9.881227016448974609e-01 1.020023584365844727e+00 7.955667972564697266e-01
1.000866413116455078e+00 1.033437132835388184e+00 1.028440594673156738e+00 1.027808070182800293e+00 7.977054715156555176e-01 9.843911528587341309e-01 1.024852037429809570e+00 1.016213893890380859e+00 1.029322028160095215e+00 7.915485501289367676e-01
1.027145981788635254e+00 1.046994447708129883e+00 1.046543836593627930e+00 1.023131132125854492e+00 8.154699802398681641e-01 1.051107525825500488e+00 1.048339605331420898e+00 1.034899950027465820e+00 1.016597390174865723e+00 7.926530838012695312e-01
1.041557312011718750e+00 1.033862352371215820e+00 1.022322297096252441e+00 1.028502583503723145e+00 8.227651119232177734e-01 1.007455229759216309e+00 1.023983716964721680e+00 1.050578236579895020e+00 1.023866057395935059e+00 8.004511594772338867e-01
9.929133653640747070e-01 1.027907252311706543e+00 1.049977779388427734e+00 1.034475445747375488e+00 8.055361509323120117e-01 1.047802090644836426e+00 1.050245881080627441e+00 9.826790690422058105e-01 1.036943316459655762e+00 8.077979087829589844e-01
1.042550563812255859e+00 1.053800582885742188e+00 1.029466986656188965e+00 1.041277050971984863e+00 8.122929930686950684e-01 1.031116127967834473e+00 1.037737607955932617e+00 1.016931533813476562e+00 1.039916276931762695e+00 7.969953417778015137e-01
1.025570392608642578e+00 1.064379096031188965e+00 1.051045894622802734e+00 1.044560790061950684e+00 8.084178566932678223e-01 1.029822587966918945e+00 1.035225629806518555e+00 1.012243270874023438e+00 1.040837407112121582e+00 8.123071789741516113e-01
1.007790207862854004e+00 1.035279035568237305e+00 1.068535327911376953e+00 1.034705281257629395e+00 8.375815153121948242e-01 1.070188641548156738e+00 1.064180970191955566e+00 1.038539886474609375e+00 1.044089198112487793e+00 8.146377205848693848e-01
1.067328572273254395e+00 1.065661668777465820e+00 1.053300857543945312e+00 1.043432950973510742e+00 8.231093883514404297e-01 1.120257735252380371e+00 1.114302039146423340e+00 1.078668236732482910e+00 1.043749690055847168e+00 8.203700184822082520e-01
