2.985645513887597580e-01 1.477048148720686059e-03 8.993587106441351328e-03 1.333113388613527961e-01 3.540379574217808467e-01 8.289506970043156837e-05 2.268762365632545908e-01 6.662575656569026672e-02 3.248180008898238214e-01 2.467849513845190856e-01
0.000000000000000000e+00 3.561294558303094160e-01 3.719141646818753255e-01 6.194987445735580800e-02 3.001476519407683119e-01 0.000000000000000000e+00 7.322454227264652005e-02 1.524200177179877227e-02 0.000000000000000000e+00 0.000000000000000000e+00
0.000000000000000000e+00 0.000000000000000000e+00 4.385402115687677682e-01 4.273233674554233891e-02 2.721414152974004907e-01 0.000000000000000000e+00 4.530754078076693059e-02 1.745387881632447236e-01 5.589855110313788344e-01 0.000000000000000000e+00
2.954246938400584884e-03 0.000000000000000000e+00 0.000000000000000000e+00 2.872544534968883290e-01 2.122895203923000074e-01 3.414126900157849615e-02 0.000000000000000000e+00 7.216328839999960800e-04 0.000000000000000000e+00 6.412494605276145530e-03
1.614653054620385220e-02 4.288424091857510195e-03 2.056145792309875195e-02 9.087423831036083336e-04 2.557715019828230574e-01 1.011546622316222312e-03 5.556620409712913081e-04 4.886992501808598739e-03 8.442595608521931416e-02 4.286623469648323526e-03
3.368174047953946190e-03 1.994707392713668259e-02 2.820758371437308981e-02 4.465990398495653935e-01 2.464480029547287676e-01 6.738047718927056562e-02 4.668603236242757637e-02 1.006609567049573765e-02 0.000000000000000000e+00 0.000000000000000000e+00
1.149642942582686789e-01 1.251676628347376218e-02 0.000000000000000000e+00 3.323019542392775111e-02 2.442133823742915211e-01 8.656631170388019367e-03 1.160082489127711308e-01 1.788503616453127401e-02 0.000000000000000000e+00 4.618977867587688128e-03
5.917672205973480842e-02 1.171300375250157975e-02 9.820563391692405109e-03 4.640283798411111438e-02 2.581907686782350386e-01 1.337380617255004697e-03 6.883635090678513757e-02 6.231210160577783236e-02 3.325926455413069985e-03 2.584377542264573030e-02
3.178733137988928870e-02 6.356169572631815718e-04 5.125802441879602489e-02 4.094529327988077894e-02 2.936159347866585390e-01 1.127234895510443268e-05 4.067379693280979286e-02 4.562658105405362208e-03 3.216222333473149897e-01 2.236703299264300882e-03
0.000000000000000000e+00 0.000000000000000000e+00 0.000000000000000000e+00 2.410986513012147031e-02 2.053473622758581474e-01 3.157885001888201260e-02 0.000000000000000000e+00 0.000000000000000000e+00 0.000000000000000000e+00 6.459572562209577873e-01
