1.670565009117126465e-01 1.218639165163040161e-01 6.312561035156250000e-01 2.211901098489761353e-01 1.616498827934265137e-01 1.323332935571670532e-01 -1.151748821139335632e-01 1.333196461200714111e-01 1.406969428062438965e-01 1.597381979227066040e-01
1.812588572502136230e-01 -3.411013633012771606e-02 -8.584221601486206055e-01 2.025493085384368896e-01 2.274124175310134888e-01 1.013869643211364746e-01 3.843059390783309937e-02 1.308849155902862549e-01 7.928364723920822144e-02 1.446289867162704468e-01
1.192663767142221332e-04 6.645607209065929055e-05 -2.174511755583807826e-04 1.205492299050092697e-04 1.439572079107165337e-04 5.650551975122652948e-05 8.573821833124384284e-05 1.124670743593014777e-04 2.509304977138526738e-06 8.562213770346716046e-05
1.253611594438552856e-01 1.569180637598037720e-01 1.330395936965942383e+00 -7.060622423887252808e-02 2.025958895683288574e-01 1.976844668388366699e-01 1.456808447837829590e-01 1.642147600650787354e-01 2.094932496547698975e-01 2.268899828195571899e-01
5.477821920067071915e-03 5.495540332049131393e-03 -1.782951317727565765e-02 7.502075284719467163e-03 1.041308231651782990e-02 4.577909130603075027e-03 1.482427585870027542e-03 9.189653210341930389e-03 2.786420984193682671e-03 7.450295612215995789e-03
7.151743024587631226e-02 1.705980896949768066e-01 2.713019251823425293e-01 1.365786790847778320e-02 1.862537264823913574e-01 1.193511560559272766e-01 1.220013797283172607e-01 1.165975704789161682e-01 1.120407357811927795e-01 1.454636752605438232e-01
3.207533955574035645e-01 7.867554575204849243e-02 4.978095889091491699e-01 2.337282449007034302e-01 1.257838755846023560e-01 1.419932395219802856e-01 -2.754730582237243652e-01 1.276048272848129272e-01 1.123658865690231323e-01 1.387831568717956543e-01
1.503072120249271393e-02 1.341892406344413757e-02 -4.188771918416023254e-02 1.336500514298677444e-02 2.598980441689491272e-02 1.032203342765569687e-02 1.448170002549886703e-02 5.998031049966812134e-02 4.361085593700408936e-03 1.904198154807090759e-02
3.939617797732353210e-02 2.418366260826587677e-02 -2.582783401012420654e-01 4.975028336048126221e-02 7.197678834199905396e-02 3.341732919216156006e-02 3.082930110394954681e-02 6.999845802783966064e-02 -3.495751414448022842e-03 1.180149614810943604e-01
4.915188997983932495e-02 7.135921716690063477e-02 -2.721852660179138184e-01 7.192319631576538086e-02 1.063891500234603882e-01 9.020876139402389526e-02 6.884642690420150757e-02 7.036067545413970947e-02 -1.096931844949722290e-02 4.788843169808387756e-02
