-2.092892769724130630e-03 -1.046587247401475906e-03 -3.233626252040266991e-03 -1.231352426111698151e-02 -3.425202099606394768e-03 1.360171474516391754e-03 -2.329614944756031036e-03 -1.668864861130714417e-03 -1.170100737363100052e-02 -1.974712591618299484e-03 -5.365174729377031326e-03 -1.814801478758454323e-03 -3.927542828023433685e-03 -1.046241633594036102e-02 -3.635313361883163452e-03
-1.770052593201398849e-03 -1.341726514510810375e-03 -3.091487102210521698e-03 -1.242353953421115875e-02 -3.130733268335461617e-03 1.842617755755782127e-03 -1.899252994917333126e-03 -2.146694576367735863e-03 -1.165326498448848724e-02 -2.528029726818203926e-03 -5.316536407917737961e-03 -1.933914376422762871e-03 -3.912035375833511353e-03 -1.018987316638231277e-02 -3.712442703545093536e-03
-2.291074721142649651e-03 -1.141383545473217964e-03 -2.997745294123888016e-03 -1.277660671621561050e-02 -3.285025479272007942e-03 1.722974935546517372e-03 -2.185737248510122299e-03 -1.026317011564970016e-03 -1.192003022879362106e-02 -2.455546986311674118e-03 -5.433570127934217453e-03 -1.988559961318969727e-03 -3.681635484099388123e-03 -1.089276932179927826e-02 -3.911218140274286270e-03
-5.701745394617319107e-03 -9.399225935339927673e-03 -1.528715807944536209e-02 -6.127101927995681763e-02 -1.748243160545825958e-02 5.645880941301584244e-03 -1.316324900835752487e-02 -8.727063424885272980e-03 -5.818353220820426941e-02 -7.010379340499639511e-03 -2.806673012673854828e-02 -6.989626213908195496e-03 -1.971855573356151581e-02 -5.054153874516487122e-02 -1.611542887985706329e-02
-7.580748759210109711e-03 -4.239444155246019363e-03 -9.606707841157913208e-03 -5.862676352262496948e-02 -8.518292568624019623e-03 1.255153585225343704e-02 -4.711226094514131546e-03 -4.230995662510395050e-03 -5.402258038520812988e-02 -1.029028557240962982e-02 -2.217173576354980469e-02 -7.605750113725662231e-03 -1.687701791524887085e-02 -4.815297946333885193e-02 -1.636810414493083954e-02
-1.380479894578456879e-03 -9.412572835572063923e-04 -2.607252215966582298e-03 -1.007631607353687286e-02 -2.947193104773759842e-03 1.226591994054615498e-03 -1.999760512262582779e-03 -1.224603503942489624e-03 -9.359970688819885254e-03 -1.639315392822027206e-03 -4.177180118858814240e-03 -1.273503527045249939e-03 -3.294854890555143356e-03 -8.174483664333820343e-03 -2.970558358356356621e-03
-1.732053118757903576e-03 -1.340674818493425846e-03 -3.122753696516156197e-03 -1.244923565536737442e-02 -3.005601232871413231e-03 1.625097938813269138e-03 -1.919377595186233521e-03 -8.009519660845398903e-04 -1.104912254959344864e-02 -2.262943191453814507e-03 -5.173073615878820419e-03 -2.023302949965000153e-03 -3.735279431566596031e-03 -1.053482014685869217e-02 -3.753543831408023834e-03
-1.650791615247726440e-03 -1.304509467445313931e-03 -2.935023047029972076e-03 -1.127874851226806641e-02 -3.077322617173194885e-03 1.297241076827049255e-03 -1.996441744267940521e-03 -1.595733687281608582e-03 -1.073151826858520508e-02 -2.112368820235133171e-03 -4.907865077257156372e-03 -1.522771664895117283e-03 -3.510847454890608788e-03 -9.571449831128120422e-03 -3.377731190994381905e-03
-6.695440039038658142e-03 -4.595325328409671783e-03 -1.245697680860757828e-02 -4.812658950686454773e-02 -1.202667970210313797e-02 1.212800014764070511e-02 -6.020693574100732803e-03 -4.747848492115736008e-03 -4.578056558966636658e-02 -1.111721154302358627e-02 -2.040949650108814240e-02 -4.734789952635765076e-03 -1.158131193369626999e-02 -4.270577058196067810e-02 -1.325669139623641968e-02
-5.900130607187747955e-03 -3.984209615737199783e-03 -1.205893885344266891e-02 -5.182712525129318237e-02 -1.322783250361680984e-02 9.455762803554534912e-03 -7.925162091851234436e-03 -3.703846130520105362e-03 -4.615526273846626282e-02 -3.214402240701019764e-04 -2.092696353793144226e-02 -6.311045959591865540e-03 -1.586743816733360291e-02 -3.902638703584671021e-02 -1.058818399906158447e-02
-1.455542049370706081e-03 -1.022675074636936188e-03 -2.665869891643524170e-03 -1.121364347636699677e-02 -2.709220629185438156e-03 1.075634383596479893e-03 -1.751556992530822754e-03 -9.481747983954846859e-04 -9.441508911550045013e-03 -1.913539250381290913e-03 -4.386454354971647263e-03 -2.181862015277147293e-03 -3.706993535161018372e-03 -8.562913164496421814e-03 -3.284201491624116898e-03
-1.567183062434196472e-03 -1.265021157450973988e-03 -3.023222554475069046e-03 -1.258224342018365860e-02 -2.831854857504367828e-03 1.901453826576471329e-03 -1.703314599581062794e-03 -1.132146106101572514e-03 -1.143178343772888184e-02 -2.343482105061411858e-03 -5.199590232223272324e-03 -1.921831397339701653e-03 -3.761377651244401932e-03 -1.060230750590562820e-02 -3.579836804419755936e-03
-1.499415491707623005e-03 -1.089352648705244064e-03 -3.092143917456269264e-03 -1.029960066080093384e-02 -2.820626832544803619e-03 1.060869661159813404e-03 -1.771451672539114952e-03 -1.090154750272631645e-03 -9.559527970850467682e-03 -1.339411945082247257e-03 -4.604239016771316528e-03 -1.475374563597142696e-03 -3.045713528990745544e-03 -8.901533670723438263e-03 -2.781995572149753571e-03
-8.317398838698863983e-03 -9.402506053447723389e-03 -9.952301159501075745e-03 -6.891173869371414185e-02 -1.680001430213451385e-02 1.474172901362180710e-02 -1.173089165240526199e-02 -9.270287118852138519e-03 -6.389744579792022705e-02 -1.526842266321182251e-02 -2.796977572143077850e-02 -5.076562054455280304e-03 -1.904166489839553833e-02 -5.209525302052497864e-02 -2.237962558865547180e-02
-7.397295907139778137e-03 -4.912352189421653748e-03 -1.237363461405038834e-02 -5.616666749119758606e-02 -1.276907324790954590e-02 9.718360379338264465e-03 -7.768678944557905197e-03 -3.868165193125605583e-03 -5.101164057850837708e-02 -6.237323395907878876e-03 -2.211369946599006653e-02 -7.959117181599140167e-03 -1.640555076301097870e-02 -4.619245603680610657e-02 -1.408881880342960358e-02
