1.454635802656412125e-02 1.426126062870025635e-02 1.088917907327413559e-02 4.729608539491891861e-03 4.896660801023244858e-03 2.938108704984188080e-02 3.542808070778846741e-02 1.391876954585313797e-02 4.516426473855972290e-03 1.010855473577976227e-02 1.432536263018846512e-02 1.557795237749814987e-02 3.757637925446033478e-03 6.841948255896568298e-03 3.020443720743060112e-03
1.398719102144241333e-02 1.552166324108839035e-02 1.210354361683130264e-02 6.441141013056039810e-03 6.003879941999912262e-03 1.435950305312871933e-02 2.032818458974361420e-02 8.308774791657924652e-03 6.087309680879116058e-03 -7.586672290926799178e-05 1.439375150948762894e-02 1.447818893939256668e-02 7.877144962549209595e-03 9.328231215476989746e-03 4.041783977299928665e-03
1.080836728215217590e-02 1.025231368839740753e-02 8.927055634558200836e-03 4.802951123565435410e-03 3.099255729466676712e-03 3.567167371511459351e-02 4.657989740371704102e-02 1.448010466992855072e-02 4.331306554377079010e-03 1.202370319515466690e-02 1.321550551801919937e-02 1.533914636820554733e-02 4.708710126578807831e-03 6.670190487056970596e-03 3.238342469558119774e-03
6.373909860849380493e-02 6.120212748646736145e-02 4.370329529047012329e-02 3.326826542615890503e-02 2.553832903504371643e-02 1.615633666515350342e-01 2.735868990421295166e-01 7.122856378555297852e-02 3.003603965044021606e-02 4.114312119781970978e-03 1.006359308958053589e-01 9.838517755270004272e-02 1.941685378551483154e-02 5.109401792287826538e-02 2.348824217915534973e-02
9.481536149978637695e-01 1.001484513282775879e+00 2.871581315994262695e-01 -1.136061698198318481e-01 4.635805785655975342e-01 -1.115360409021377563e-01 -2.863836288452148438e-01 5.225564353168010712e-03 -1.279649138450622559e-01 -1.185871735215187073e-01 -8.177248388528823853e-02 1.466786209493875504e-02 -1.110254600644111633e-01 -9.621022641658782959e-02 -1.288609802722930908e-01
4.722911398857831955e-03 4.233863670378923416e-03 1.009612716734409332e-02 6.428850814700126648e-03 5.880297627300024033e-03 4.003811627626419067e-02 6.581289321184158325e-02 1.668547838926315308e-02 5.881291348487138748e-03 7.508605718612670898e-03 1.789854653179645538e-02 1.638514548540115356e-02 6.515716202557086945e-03 8.488126099109649658e-03 5.150995217263698578e-03
1.389097422361373901e-02 1.314214337617158890e-02 1.019568275660276413e-02 6.205779034644365311e-03 5.508360918611288071e-03 2.142330072820186615e-02 3.318793699145317078e-02 1.210218947380781174e-02 6.110940128564834595e-03 1.970942597836256027e-03 1.381188910454511642e-02 1.545203663408756256e-02 5.917999427765607834e-03 8.505493402481079102e-03 3.652168670669198036e-03
1.960032619535923004e-02 1.979052834212779999e-02 1.288907043635845184e-02 4.062403924763202667e-03 8.770882152020931244e-03 2.690261974930763245e-02 4.145634546875953674e-02 1.266703940927982330e-02 3.513627685606479645e-03 3.026317805051803589e-03 1.971511356532573700e-02 2.218133397400379181e-02 5.730992183089256287e-03 6.420578807592391968e-03 5.918494425714015961e-03
6.544169783592224121e-02 6.938508152961730957e-02 6.412106752395629883e-02 2.578597888350486755e-02 2.644637040793895721e-02 1.772781610488891602e-01 2.283892333507537842e-01 7.346566021442413330e-02 2.340853773057460785e-02 3.677268698811531067e-02 1.281126309186220169e-02 7.678337860852479935e-03 3.955720365047454834e-02 3.918572142720222473e-02 1.547583728097379208e-03
-2.997157722711563110e-02 -5.667820200324058533e-02 2.480515465140342712e-02 2.356090582907199860e-03 9.459373541176319122e-03 7.044219970703125000e-01 1.043097257614135742e+00 1.979165971279144287e-01 -4.831307101994752884e-03 3.934704661369323730e-01 3.241123259067535400e-02 6.629329174757003784e-02 -2.371118590235710144e-02 -3.648122539743781090e-03 -4.729381296783685684e-03
1.193804945796728134e-02 1.180840004235506058e-02 9.999955072999000549e-03 4.542057868093252182e-03 4.404856823384761810e-03 2.355997636914253235e-02 3.565672785043716431e-02 1.149233337491750717e-02 4.132340196520090103e-03 2.744568279013037682e-03 1.583041436970233917e-02 1.794821396470069885e-02 7.609360851347446442e-03 6.680084392428398132e-03 5.660135298967361450e-03
1.681533828377723694e-02 1.739333756268024445e-02 1.203130185604095459e-02 3.674192121252417564e-03 7.999524474143981934e-03 3.141853585839271545e-02 4.525437951087951660e-02 1.329748611897230148e-02 3.193982411175966263e-03 6.696295458823442459e-03 1.759803108870983124e-02 1.870128326117992401e-02 4.038927145302295685e-03 6.208925042301416397e-03 4.426745232194662094e-03
1.976796425879001617e-02 1.953632570803165436e-02 1.132820453494787216e-02 2.876917133107781410e-03 8.014562539756298065e-03 2.958155795931816101e-02 4.295615851879119873e-02 1.318558584898710251e-02 2.501889131963253021e-03 4.498295485973358154e-03 1.296136062592267990e-02 1.569243706762790680e-02 4.027592018246650696e-03 5.137036554515361786e-03 3.405923023819923401e-03
1.091292127966880798e-01 9.902526438236236572e-02 5.461797490715980530e-02 3.838951885700225830e-02 3.214094415307044983e-02 1.660460531711578369e-01 2.485824972391128540e-01 8.220811933279037476e-02 3.864397853612899780e-02 4.445241391658782959e-02 1.315298825502395630e-01 1.619215011596679688e-01 1.963437348604202271e-02 5.782793834805488586e-02 3.554176539182662964e-02
5.650018155574798584e-02 6.309013068675994873e-02 3.683799877762794495e-02 -3.401199355721473694e-02 -5.752587225288152695e-03 5.615382269024848938e-02 5.841038003563880920e-02 9.057550923898816109e-04 -3.811887651681900024e-02 -1.378291752189397812e-02 8.039332628250122070e-01 9.082362651824951172e-01 6.632491946220397949e-02 -1.952429488301277161e-02 3.928808867931365967e-01
