-7.513197422027587891e+00 -3.366085588932037354e-01 -7.281778454780578613e-01 1.618385314941406250e-01 -2.473723411560058594e+00 3.366491496562957764e-01 3.795137405395507812e-01 -3.061854124069213867e+00 -2.050138950347900391e+00 -6.123499870300292969e-01
-1.209185791015625000e+01 1.485437303781509399e-01 -4.809430241584777832e-01 3.169320821762084961e-01 -3.891820669174194336e+00 4.243974089622497559e-01 -3.778052628040313721e-01 -4.829375743865966797e+00 -3.152425289154052734e+00 -1.049454569816589355e+00
-1.136070346832275391e+01 -3.307754397392272949e-01 -8.224763870239257812e-01 1.489856094121932983e-01 -3.766981124877929688e+00 3.176974058151245117e-01 -2.237277179956436157e-01 -4.473237991333007812e+00 -2.878499031066894531e+00 -9.658899903297424316e-01
-6.232324123382568359e+00 -1.536006331443786621e-01 -4.609523713588714600e-01 4.802655577659606934e-01 -1.885029196739196777e+00 3.980082571506500244e-01 -1.209602355957031250e-01 -2.443483352661132812e+00 -1.590141415596008301e+00 -4.642316699028015137e-01
-7.160352706909179688e+00 -2.051819562911987305e-01 -4.819402098655700684e-01 9.202386438846588135e-02 -2.298122406005859375e+00 2.140516042709350586e-01 -1.475051343441009521e-01 -2.797452211380004883e+00 -1.794898390769958496e+00 -5.999137163162231445e-01
-9.987607955932617188e+00 -3.226694166660308838e-01 -6.573525667190551758e-01 2.210308313369750977e-01 -3.152012586593627930e+00 4.759418666362762451e-01 -1.220918595790863037e-01 -3.892389297485351562e+00 -2.368618488311767578e+00 -6.416528820991516113e-01
-1.330223655700683594e+01 -5.937284827232360840e-01 -1.090928316116333008e+00 6.257379800081253052e-02 -4.455631732940673828e+00 4.313088357448577881e-01 3.853427767753601074e-01 -5.371131420135498047e+00 -3.498815774917602539e+00 -1.124581217765808105e+00
-3.262435674667358398e+00 -1.024038419127464294e-01 -2.025081366300582886e-01 2.212875336408615112e-02 -1.030235886573791504e+00 9.356569498777389526e-02 -9.165314584970474243e-02 -1.169822454452514648e+00 -7.201553583145141602e-01 -2.242068797349929810e-01
-4.945714950561523438e+00 -1.886317580938339233e-01 -3.374822735786437988e-01 2.790458127856254578e-02 -1.531082868576049805e+00 1.308947503566741943e-01 -1.519351452589035034e-01 -1.832019209861755371e+00 -9.419400095939636230e-01 -1.619868725538253784e-01
-7.281021595001220703e+00 -2.796453833580017090e-01 -4.803774952888488770e-01 9.011615812778472900e-02 -2.294080018997192383e+00 2.954765856266021729e-01 -1.460122466087341309e-01 -2.780584812164306641e+00 -1.604216337203979492e+00 -3.923709094524383545e-01
