1.008398225857747080e-05 7.587863258954740954e-06 7.137377529619456966e-06 1.633216307706993075e-04 8.444675698984149489e-05 8.177419565099270119e-06 8.483729788166133480e-06 6.446432807983206112e-06 1.789222188718608809e-04 1.029025382507219862e-04 9.571728681257494993e-06 5.645346614795297740e-06 6.949896117613400447e-06 1.790055106350513171e-04 9.156845717196535224e-05
5.600025677076561224e-06 5.816426858380283630e-06 6.564302430467526305e-06 1.620097606633221659e-04 6.524636686041947588e-05 6.221777828656983232e-06 6.430939836680540786e-06 6.824029209646751779e-06 1.424165863702347296e-04 6.536921137421278737e-05 6.027659409526440656e-06 7.309646437512152612e-06 6.404420922030092030e-06 1.956208072517693101e-04 9.229595955658450917e-05
7.576678099723314561e-06 7.765186163051285823e-06 7.911379480664293496e-06 1.998874079647556385e-04 9.309326000672572875e-05 7.283332223251035897e-06 8.974935389868391497e-06 7.496291544621149108e-06 1.889039664479084675e-04 1.059924130026311968e-04 6.779933757626421138e-06 5.477253935701225895e-06 6.290815812545955246e-06 2.021757041683344767e-04 1.113084993038634582e-04
4.093168963352131467e-05 3.805666696305301316e-05 3.298328986299084101e-05 4.056361557486769936e-04 1.905093641483406063e-04 3.593939495127791592e-05 3.749981213049776764e-05 3.869382599210350134e-05 4.117784182458470409e-04 1.982341449433752407e-04 4.159650298697703324e-05 4.161837192308212856e-05 4.313413942826500565e-05 4.164829604876192095e-04 1.887743677775661924e-04
7.606270385332825968e-05 7.662406928736206562e-05 7.591063150645708201e-05 2.269621613185637181e-04 6.186232735080175607e-04 2.223532166527396908e-05 2.865282474143835076e-05 2.205829604604691085e-05 2.078261808960628712e-04 1.414485946201194104e-04 2.682474668515306886e-05 2.180849396410016524e-05 2.219671793731138940e-05 2.360298218938997397e-04 1.492173754424484431e-04
5.611398334875097120e-06 7.343549972672366794e-06 8.524636049121874794e-06 1.472846834908637817e-04 9.220179560341667819e-05 7.568777990010625450e-06 7.186990052303570560e-06 1.071808640122898862e-05 1.782219692514569812e-04 9.866331700252793354e-05 6.334220169585473470e-06 7.130246274370643700e-06 6.899491740361978546e-06 1.824696591458891196e-04 7.017478536510558644e-05
6.858586605283429374e-06 7.468703116400505166e-06 5.967015566093718830e-06 1.743454396563107189e-04 7.986274350592821342e-05 9.623209676515798581e-06 6.247300531753686328e-06 7.023080193310265818e-06 1.859488404104525357e-04 8.738390224978715738e-05 8.119012966455532121e-06 6.353170798982747697e-06 8.128536545771197327e-06 1.598750544528575299e-04 8.951208757217911523e-05
6.838042993353294904e-06 6.140887147175050376e-06 7.318956077044372195e-06 1.751346730611809204e-04 1.011241948749021745e-04 7.853610646261799613e-06 8.974439420155748453e-06 7.264217411296483977e-06 1.673980896913789429e-04 8.873929039012952338e-05 7.920732104195048629e-06 7.350068395575304738e-06 7.269613798910631679e-06 1.895531739190417313e-04 7.460967950914677556e-05
3.618402575023068089e-05 4.327770762975931962e-05 3.513877708764843522e-05 3.961553521998654407e-04 1.949253343257546160e-04 3.873119080129728002e-05 4.197101587023964713e-05 3.898307731919128791e-05 4.012928365100969555e-04 1.946643076869055951e-04 4.466489146003325180e-05 3.373196128742377291e-05 4.419003505270963160e-05 3.912371723881562756e-04 1.948255136079124993e-04
2.426906530171625158e-05 1.487671810868061749e-05 2.219385568841149750e-05 2.425305008761573602e-04 1.309403975082428374e-04 7.884741868904986009e-05 8.062827353616840783e-05 8.480420336459347215e-05 2.260277270105296680e-04 5.952919328031029515e-04 2.475628341766586014e-05 2.145742159937437062e-05 2.141904150216914594e-05 2.307995333913459676e-04 1.263137465252794141e-04
4.425589682058863790e-06 1.019154554022359741e-05 7.048523122651053409e-06 1.914422121872785452e-04 8.294538371089418046e-05 8.626832548443983379e-06 5.994892257748723925e-06 6.486283147557444252e-06 1.879242648711496023e-04 6.397184943748927518e-05 5.420471214003715088e-06 7.227910786176527411e-06 8.019601840375450904e-06 1.698610665749537125e-04 7.762589883896011962e-05
8.848839478193606470e-06 8.913055331440226009e-06 7.307063868164179233e-06 1.729600646849380132e-04 9.913635795052172929e-05 8.379148639816535419e-06 7.854886598528273110e-06 9.030979928795682048e-06 1.755608212850438582e-04 9.491999890275096470e-05 7.461568592610760146e-06 7.961095654267044509e-06 6.516322540969037670e-06 1.783760280095606551e-04 8.749075189625281064e-05
7.724748746911681393e-06 9.188052651812172927e-06 7.739657816788582658e-06 1.635766901407742751e-04 9.772699057690617888e-05 5.757031763678902226e-06 5.865328360465419140e-06 9.428496699819871577e-06 1.926076564971170794e-04 1.020550938981380421e-04 6.922954158442743676e-06 8.787838153685777963e-06 6.491878706290429061e-06 1.971143112813997147e-04 6.898115311775200728e-05
4.178020860190564294e-05 4.167854176102659362e-05 4.434131880640751006e-05 4.009748322456999406e-04 1.955496782588294117e-04 3.530031455284802659e-05 3.934380879400937883e-05 3.809971814612827384e-05 3.897945518034582344e-04 1.957862493202214900e-04 3.648213790816165025e-05 4.350089833495612634e-05 4.585630195035891128e-05 3.952538817977357738e-04 1.954129209028894053e-04
2.469520933526118852e-05 1.888224019535312257e-05 2.337386273609566589e-05 2.243453800493772847e-04 1.548783115734712911e-04 2.602009443358437030e-05 2.334001366886070424e-05 1.733370368994351243e-05 2.079818358590419065e-04 1.297802042736329693e-04 7.252723021162160819e-05 7.931874469568757737e-05 7.049972237073075471e-05 2.332745481838720508e-04 6.289785755228123306e-04
