4.667692184448242188e-01 -9.115534275770187378e-02 -1.063668876886367798e-01 3.013078682124614716e-02 -3.930710256099700928e-02 -1.870123296976089478e-02 1.212439220398664474e-02 -5.089784413576126099e-02 3.318439424037933350e-01 1.710152924060821533e-01
-2.325661852955818176e-02 3.158470690250396729e-01 3.445737361907958984e-01 4.013934358954429626e-02 2.081428887322545052e-03 -1.965876482427120209e-02 7.841073907911777496e-03 7.771079428493976593e-03 1.712319441139698029e-02 7.351675536483526230e-03
5.936052184551954269e-04 -4.419290274381637573e-02 3.240440487861633301e-01 2.109169028699398041e-02 -5.308665335178375244e-02 -3.425465524196624756e-02 -4.356311261653900146e-02 1.464910060167312622e-01 4.589025676250457764e-01 -4.715356603264808655e-02
5.280166864395141602e-03 -6.860177032649517059e-03 -3.990618512034416199e-03 5.133846402168273926e-01 -4.141956014791503549e-05 2.294544503092765808e-02 -1.190983876585960388e-02 9.665836580097675323e-03 4.343554901424795389e-04 7.609581574797630310e-03
2.907489985227584839e-02 -7.839039899408817291e-03 1.870641834102571011e-03 -8.568543707951903343e-04 -1.954360632225871086e-03 -8.397240191698074341e-03 -7.447318173944950104e-03 2.002605237066745758e-03 1.531441509723663330e-01 4.987284075468778610e-03
8.471458218991756439e-03 6.996309384703636169e-03 1.714606396853923798e-02 5.444182753562927246e-01 -6.966320797801017761e-03 4.103842750191688538e-02 -7.443042704835534096e-04 -3.826761385425925255e-03 -3.325172886252403259e-02 -2.120614238083362579e-02
2.256506830453872681e-01 -1.128771714866161346e-02 -3.203934431076049805e-02 1.235703285783529282e-02 -1.660543866455554962e-02 -9.959024609997868538e-04 2.541040629148483276e-02 -5.347668193280696869e-03 3.765511885285377502e-02 2.850159630179405212e-02
1.001963466405868530e-01 -1.240413449704647064e-02 -2.484500408172607422e-03 4.142067953944206238e-02 -1.515987142920494080e-02 -1.807865104638040066e-03 1.106280181556940079e-02 4.175627231597900391e-02 2.767003327608108521e-02 6.621427088975906372e-02
4.742518439888954163e-02 -4.440232366323471069e-02 -9.097441099584102631e-03 2.428746782243251801e-02 -7.029810454696416855e-03 -2.124992571771144867e-02 -2.874385751783847809e-02 4.533142782747745514e-03 4.591462314128875732e-01 -4.916567355394363403e-03
-1.065699849277734756e-02 -2.091824635863304138e-02 -1.578022725880146027e-02 6.579590588808059692e-02 -1.282385922968387604e-02 2.248795703053474426e-02 -9.179810062050819397e-03 -1.784006017260253429e-03 -9.123464114964008331e-03 6.111714839935302734e-01
