9.617836475372314453e-01 1.095963239669799805e+00 1.003983259201049805e+00 9.286639094352722168e-01 1.205288767814636230e+00 8.673207759857177734e-01 9.410635232925415039e-01 1.182855367660522461e+00 1.086392879486083984e+00 1.007878661155700684e+00
9.637609124183654785e-01 1.097998738288879395e+00 1.012024641036987305e+00 9.306612610816955566e-01 1.207745790481567383e+00 8.693395256996154785e-01 9.429956078529357910e-01 1.184919357299804688e+00 1.088081598281860352e+00 1.010125637054443359e+00
9.652644395828247070e-01 1.099719405174255371e+00 1.016097426414489746e+00 9.321856498718261719e-01 1.209680914878845215e+00 8.709453344345092773e-01 9.446017146110534668e-01 1.186097025871276855e+00 1.089955091476440430e+00 1.011691927909851074e+00
9.667093753814697266e-01 1.100956797599792480e+00 1.018806219100952148e+00 9.335171580314636230e-01 1.210490226745605469e+00 8.722515106201171875e-01 9.458873271942138672e-01 1.187788128852844238e+00 1.091417670249938965e+00 1.012976288795471191e+00
9.680550694465637207e-01 1.102351546287536621e+00 1.015578866004943848e+00 9.348643422126770020e-01 1.211638092994689941e+00 8.735696077346801758e-01 9.473130702972412109e-01 1.189178347587585449e+00 1.092542767524719238e+00 1.014242410659790039e+00
9.693480730056762695e-01 1.103540062904357910e+00 1.017286419868469238e+00 9.361228346824645996e-01 1.213015437126159668e+00 8.747011423110961914e-01 9.485066533088684082e-01 1.190600037574768066e+00 1.093645691871643066e+00 1.015433788299560547e+00
9.710431098937988281e-01 1.105101704597473145e+00 1.020439147949218750e+00 9.377441406250000000e-01 1.214342951774597168e+00 8.764032125473022461e-01 9.501912593841552734e-01 1.192074775695800781e+00 1.095465898513793945e+00 1.017128944396972656e+00
9.719879627227783203e-01 1.106162309646606445e+00 1.018110513687133789e+00 9.387589097023010254e-01 1.215536355972290039e+00 8.774359822273254395e-01 9.512013196945190430e-01 1.192937016487121582e+00 1.096582293510437012e+00 1.018263459205627441e+00
9.733431339263916016e-01 1.107692718505859375e+00 1.024481415748596191e+00 9.400871992111206055e-01 1.217607855796813965e+00 8.787721395492553711e-01 9.524917602539062500e-01 1.194188475608825684e+00 1.097728133201599121e+00 1.019528746604919434e+00
9.752243757247924805e-01 1.109231710433959961e+00 1.027398705482482910e+00 9.419667124748229980e-01 1.218541979789733887e+00 8.804991841316223145e-01 9.543212056159973145e-01 1.195868849754333496e+00 1.099289655685424805e+00 1.021259069442749023e+00
