1.509221383198066746e-04 5.007002527928137298e-02 3.421535322408817970e-01 -3.045416070095229542e-03 7.773572930675072025e-03 1.262439667414303086e-02 5.071780355078251562e-02 2.150900224761815416e+00 2.124693865637987122e-01 -5.655732360740135150e-04
6.590017425738589063e-01 6.123974485524785738e-02 -4.720251405334805177e-04 1.786992168693951263e-02 5.282941132754989111e-01 9.631167806896188260e-03 1.509423353615657127e-03 1.352394769294348702e-02 1.018704597918038413e-01 -1.339882729751307481e-03
-4.874512603210997652e-04 6.231639294837948428e-02 5.230359170802320601e-02 -8.932477934260000391e-06 -2.138494009216670294e-03 1.113027163577931189e+00 3.973258490106522656e-01 1.900065069123965710e-03 -2.168362291043490157e-03 -1.622827618804667093e-03
3.503123523890040725e-02 7.020397870043214306e-02 2.373974179778923776e-01 5.148926629888056494e-01 4.391153649172163220e+00 4.831576423037125423e+00 6.665862060902830066e+00 2.110467041530254134e-02 3.731483390067437123e-01 1.157249143944633074e-01
3.180159544289351103e+00 2.966630395852842383e+00 3.130530738190029916e-01 -4.935815075233040798e-03 6.480801794416592987e-01 -4.981669289918799239e-04 -5.066546119087255579e-04 -4.772529337169304376e-04 -5.017809003236653811e-03 -2.188058808896499365e-03
5.285549748103766238e-02 1.139779713567269648e-01 1.014260571114295795e+00 -3.005027619152336564e-03 1.308861494385371860e-01 6.093666382776479623e-02 1.336203002246643345e+00 1.104812310113192876e-05 7.114643860800736602e-03 3.196726163189909931e-03
3.304452353181598634e-02 2.060377837044170910e-03 2.076516193752739325e-02 -2.515032198638794594e-03 8.072748822963000948e-03 9.622745746418457681e-04 3.966191552721422438e-03 -4.199131024158716304e-04 -9.503747243791048002e-05 9.951431093191154265e-01
8.119021756306242787e-01 2.743917816469702148e-02 4.540932154632645879e-02 1.116481463079755689e-02 2.871859578330482332e-02 7.484777244604586335e-03 1.695787066729960824e+00 1.455846029871965888e-02 1.957778910219104274e-01 6.359597193909715118e-01
2.295493879631493872e+00 7.380092493222154992e+00 1.590374195912072977e-02 8.044155439196137847e-01 3.306624336101514627e-01 1.011372579293993851e-01 6.479850831220537177e-01 1.969895976684567229e-02 1.466590898071713056e+00 1.923032590235047357e+00
2.926701926669977860e-01 -4.794976462672668137e-04 -4.805474247694976843e-04 -4.943558332080474037e-03 2.004258648334194426e+00 4.582015599660959282e+00 3.162853255845418765e+00 3.552707887368771189e-01 -5.020254169708902349e-03 6.148424469551293514e-01
