-1.007015258073806763e-02 5.007962463423609734e-04 5.876185605302453041e-04 -6.790691404603421688e-04 8.096577227115631104e-02 -3.690971760079264641e-03 -3.534328192472457886e-03 -7.166725699789822102e-04 2.094880073855165392e-05 -6.114201154559850693e-03 -2.506397431716322899e-03 -5.297863390296697617e-04 -5.230733077041804790e-04 6.033246172592043877e-04 -1.092503126710653305e-02
-7.675972301512956619e-03 4.861181951127946377e-04 -4.865405207965523005e-04 -9.988809470087289810e-04 6.513710319995880127e-02 -4.617911763489246368e-03 -4.195949528366327286e-03 -1.515571842901408672e-03 2.830642042681574821e-04 -1.056039938703179359e-03 -2.742246259003877640e-03 -1.416803919710218906e-03 -1.743094326229766011e-04 6.149585824459791183e-04 -8.077422156929969788e-03
-1.934123784303665161e-02 -3.460275765974074602e-04 -1.606735459063202143e-04 -3.018630959559231997e-04 -4.458666371647268534e-04 -3.733334830030798912e-03 -3.095871768891811371e-03 3.324874560348689556e-04 2.168694481952115893e-04 9.453048929572105408e-03 -1.303805387578904629e-03 -2.984762204505386762e-06 -1.168432791018858552e-04 1.538954325951635838e-03 7.186141447164118290e-04
-1.636250764131546021e-01 -3.602564567700028419e-03 -1.587755512446165085e-03 2.314591547474265099e-03 -3.221643567085266113e-01 -4.029597714543342590e-02 -3.263304755091667175e-02 5.745322443544864655e-03 1.916219713166356087e-03 -6.412155926227569580e-02 -1.857818290591239929e-02 9.839716367423534393e-04 3.832836868241429329e-03 1.365261990576982498e-02 -1.194526553153991699e-01
9.601524099707603455e-03 1.353090535849332809e-02 1.227398589253425598e-02 -7.815567776560783386e-03 5.544186830520629883e-01 1.014482841128483415e-04 -1.592937158420681953e-03 -2.471623942255973816e-02 -2.158763352781534195e-03 2.617722563445568085e-02 -1.023096032440662384e-02 -2.401199890300631523e-03 -2.986704465001821518e-03 -5.239902064204216003e-03 -4.315549507737159729e-03
-1.950469426810741425e-02 -6.093982665333896875e-05 -9.779771789908409119e-04 9.778312232811003923e-06 -3.496281057596206665e-02 1.949467550730332732e-04 6.831326172687113285e-04 1.082275644876062870e-03 1.339799782726913691e-04 3.164176642894744873e-02 2.475270768627524376e-03 4.148125008214265108e-04 -1.118570435210131109e-04 1.123227528296411037e-03 2.585382759571075439e-02
-1.967131160199642181e-02 1.694491220405325294e-04 -6.720217061229050159e-04 -4.206318117212504148e-04 -3.274195268750190735e-02 3.032666863873600960e-04 3.490929157123900950e-05 8.896574727259576321e-04 2.927976893261075020e-04 3.254669159650802612e-02 2.925807377323508263e-03 5.620829761028289795e-04 -7.590115274069830775e-05 2.150299958884716034e-03 2.703301236033439636e-02
-1.886934228241443634e-02 2.500350237824022770e-04 4.396399526740424335e-05 -4.152152978349477053e-04 -1.241447310894727707e-02 -9.666526457294821739e-04 -7.248602923937141895e-04 6.386826280504465103e-04 8.760745549807325006e-05 2.228292077779769897e-02 1.460881670936942101e-03 3.217669727746397257e-04 2.886290712922345847e-05 1.242764410562813282e-03 1.570210978388786316e-02
-1.881739795207977295e-01 1.041582785546779633e-03 -7.156881620176136494e-04 -2.843784401193261147e-03 -3.123683333396911621e-01 -3.437157347798347473e-02 -3.299231454730033875e-02 1.364624686539173126e-02 3.202255582436919212e-03 -2.243178151547908783e-02 -1.444333419203758240e-02 1.094351639039814472e-03 2.749801380559802055e-03 6.495894398540258408e-03 -9.485552459955215454e-02
-5.369320884346961975e-02 3.344282740727066994e-03 1.748018315993249416e-03 3.083386691287159920e-03 -3.981223702430725098e-02 3.295109793543815613e-02 2.799494378268718719e-02 5.654290784150362015e-03 4.055518191307783127e-03 2.396906316280364990e-01 4.080809652805328369e-02 5.867172498255968094e-03 1.453721662983298302e-03 1.741036772727966309e-02 2.581903338432312012e-01
-2.384888194501399994e-02 -1.010592586681013927e-05 -9.701547678560018539e-04 -2.349801216041669250e-04 -3.599934279918670654e-02 8.398138452321290970e-04 7.893167785368859768e-04 9.318777592852711678e-04 4.912738222628831863e-04 3.935353830456733704e-02 3.555199829861521721e-03 8.634037221781909466e-04 -2.386626692896243185e-05 1.987388357520103455e-03 3.263708949089050293e-02
-2.021513134241104126e-02 3.335753863211721182e-04 -5.043301498517394066e-04 -3.167799441143870354e-04 -2.184315957129001617e-02 1.566380378790199757e-04 3.832870279438793659e-04 5.970265483483672142e-04 3.654733591247349977e-04 3.451332822442054749e-02 2.895896090194582939e-03 2.335288299946114421e-04 -7.239486876642331481e-05 2.233663573861122131e-03 2.874741144478321075e-02
-2.244299463927745819e-02 -5.929091912548756227e-06 -5.021125543862581253e-04 -1.637662207940593362e-04 -3.497835248708724976e-02 -4.953315481543540955e-03 -4.317822400480508804e-03 1.126500894315540791e-03 3.959888126701116562e-04 -4.519404377788305283e-03 -1.969302305951714516e-03 -3.422081936150789261e-04 9.090684470720589161e-04 8.850611047819256783e-04 -1.234614104032516479e-02
-1.130195856094360352e-01 2.774525666609406471e-03 -1.446694019250571728e-03 1.386225689202547073e-03 -3.787365257740020752e-01 -3.923568502068519592e-02 -3.508717194199562073e-02 1.978326588869094849e-03 -1.731373951770365238e-03 -1.962931267917156219e-02 -1.856008917093276978e-02 5.209202645346522331e-04 3.954799380153417587e-03 9.482894092798233032e-03 -8.121306449174880981e-02
-5.266180634498596191e-02 4.754752852022647858e-03 -1.949622645042836666e-03 -1.036312198266386986e-03 -2.866410464048385620e-02 3.382711485028266907e-02 3.263160586357116699e-02 7.844132371246814728e-03 3.658444387838244438e-03 2.383424788713455200e-01 4.636438935995101929e-02 6.993792951107025146e-03 -2.424665726721286774e-03 1.689383015036582947e-02 2.580578625202178955e-01
