8.686972409486770630e-02 2.672633342444896698e-02 2.576322108507156372e-02 -1.502504746895283461e-04 -1.511206501163542271e-03 2.017440646886825562e-02 1.637550815939903259e-02 -5.378181813284754753e-04 1.805385202169418335e-02 3.255149722099304199e-02
6.987226009368896484e-02 8.665449917316436768e-02 4.091816022992134094e-02 -2.176963025704026222e-03 -2.369165653362870216e-03 5.378895439207553864e-03 1.460227463394403458e-02 6.786204408854246140e-03 -5.522392224520444870e-03 9.781067259609699249e-03
7.630423456430435181e-02 5.408211424946784973e-02 8.661739528179168701e-02 2.642228733748197556e-03 -3.031823318451642990e-03 1.356005761772394180e-02 2.230255864560604095e-03 9.056164883077144623e-03 2.094063535332679749e-02 1.100167538970708847e-02
1.243750844150781631e-02 8.803160861134529114e-03 3.101673210039734840e-03 3.061539959162473679e-03 -3.061456838622689247e-03 2.705147257074713707e-03 3.700497560203075409e-03 -1.822229474782943726e-03 2.922240877524018288e-03 6.201064214110374451e-03
6.830714177340269089e-03 3.531128633767366409e-03 -1.384465373121201992e-03 -6.437295232899487019e-04 9.305009007221087813e-05 3.697275882586836815e-03 -7.635285728611052036e-04 3.620771458372473717e-03 9.312001056969165802e-03 1.099535077810287476e-02
1.564214006066322327e-02 1.399801485240459442e-02 4.886708920821547508e-04 1.240603998303413391e-02 4.564485978335142136e-03 1.707655750215053558e-02 4.715033806860446930e-03 2.177138347178697586e-03 3.874216461554169655e-03 9.500090964138507843e-03
7.943446747958660126e-03 1.877711340785026550e-02 -1.160486950539052486e-03 9.595435112714767456e-03 4.265216644853353500e-03 7.659544702619314194e-03 5.526590161025524139e-03 -4.020783118903636932e-03 -6.329721072688698769e-04 8.915297687053680420e-03
3.776931390166282654e-02 3.533418849110603333e-02 6.147660780698060989e-03 1.873915665782988071e-03 1.339765847660601139e-03 -1.903149415738880634e-03 -8.431830792687833309e-04 7.249881513416767120e-03 4.351144656538963318e-03 8.677874691784381866e-03
4.226550832390785217e-02 1.761620678007602692e-02 5.767626222223043442e-03 7.109371479600667953e-03 -3.101024776697158813e-03 7.299447897821664810e-03 8.203535340726375580e-03 2.092436654493212700e-03 6.777632515877485275e-03 1.085944566875696182e-02
2.223049663007259369e-02 7.366615813225507736e-03 4.918427672237157822e-03 2.536903135478496552e-03 8.878321968950331211e-04 1.056445762515068054e-02 4.437730647623538971e-03 7.665752433240413666e-03 7.461131084710359573e-03 3.183188289403915405e-02
