-1.272559456992894411e-04 3.337905509397387505e-04 1.513071911176666617e-04 -2.243370050564408302e-03 -1.855168375186622143e-03 1.225074403919279575e-03 3.677611312014050782e-05 5.451691686175763607e-04 -2.930870745331048965e-03 -1.612728345207870007e-03 7.606782019138336182e-04 2.512311097234487534e-03 2.304341032868251204e-04 -2.905690111219882965e-03 -2.167468424886465073e-03
-1.108863041736185551e-03 -3.354531945660710335e-04 8.460308890789747238e-05 -2.846324816346168518e-03 -2.306404756382107735e-03 1.345711294561624527e-03 3.165036905556917191e-04 1.243500737473368645e-03 -3.465417772531509399e-03 -1.583528704941272736e-03 3.178410988766700029e-04 2.792161190882325172e-03 2.126547087755170651e-06 -3.318957053124904633e-03 -2.659460296854376793e-03
-2.249466342618688941e-04 5.895661306567490101e-04 1.967231801245361567e-04 -3.051665611565113068e-03 -2.284651389345526695e-03 1.758874510414898396e-03 6.793109350837767124e-04 1.103641465306282043e-03 -3.551774192601442337e-03 -2.846159739419817924e-03 4.867983516305685043e-04 2.349460963159799576e-03 3.073725965805351734e-04 -4.115593153983354568e-03 -3.507683984935283661e-03
-4.390789661556482315e-03 1.483898668084293604e-04 9.495842095930129290e-05 -1.275011058896780014e-02 -1.090079825371503830e-02 2.462745644152164459e-03 -8.739233453525230289e-05 4.336103796958923340e-03 -1.740825362503528595e-02 -7.651697378605604172e-03 -1.354486215859651566e-03 1.041872426867485046e-02 1.620115363039076328e-03 -1.311418693512678146e-02 -1.052900869399309158e-02
4.104289400856941938e-04 5.093455314636230469e-03 7.703266572207212448e-03 -2.660454483702778816e-03 5.161901935935020447e-03 7.805924396961927414e-03 3.105275565758347511e-03 3.559664590284228325e-03 2.745587145909667015e-03 -5.776800215244293213e-03 6.466794759035110474e-03 6.288969423621892929e-03 8.487131446599960327e-03 -4.510920960456132889e-03 -5.135377869009971619e-03
-1.207257228088565171e-04 6.243847892619669437e-04 5.309699336066842079e-04 -1.873269793577492237e-03 -9.666666737757623196e-04 9.730805759318172932e-04 7.597234798595309258e-04 1.167803769931197166e-03 -2.008047653362154961e-03 -1.689861295744776726e-03 3.284633276052772999e-04 1.655693282373249531e-03 8.882735855877399445e-04 -2.484550466760993004e-03 -1.909153535962104797e-03
-5.795066244900226593e-04 9.421973954886198044e-04 6.525716162286698818e-05 -2.243812195956707001e-03 -1.804307568818330765e-03 6.002326845191419125e-04 6.685350090265274048e-04 8.767790277488529682e-04 -3.014953108504414558e-03 -2.000227337703108788e-03 4.565787967294454575e-04 1.900401548482477665e-03 1.186513924039900303e-03 -3.008222440257668495e-03 -2.359893405809998512e-03
-6.080222665332257748e-04 1.821670011850073934e-04 6.284398114075884223e-05 -1.891479711048305035e-03 -1.467575202696025372e-03 6.682538078166544437e-04 2.114577655447646976e-04 9.189904667437076569e-04 -2.649602713063359261e-03 -1.206711283884942532e-03 3.093787527177482843e-04 2.444251906126737595e-03 3.383556613698601723e-04 -2.522947033867239952e-03 -1.773306285031139851e-03
-8.368510752916336060e-03 -4.264947958290576935e-03 2.431446686387062073e-03 -1.000649295747280121e-02 -1.706439186818897724e-03 1.362755708396434784e-02 1.981261419132351875e-03 4.582231864333152771e-03 -1.515490817837417126e-03 -2.972208894789218903e-03 8.081915788352489471e-03 1.361001748591661453e-02 5.864570848643779755e-04 -1.182168442755937576e-02 -5.768740549683570862e-03
-5.643362645059823990e-03 -1.444552908651530743e-03 -1.445792382583022118e-03 -6.569880992174148560e-03 -5.495132412761449814e-03 2.811894519254565239e-03 -4.087471170350909233e-04 1.872896915301680565e-03 -8.598186075687408447e-03 -2.178596332669258118e-03 1.177546335384249687e-03 7.863949984312057495e-03 1.337824214715510607e-04 -8.395222947001457214e-03 -5.967658944427967072e-03
-4.161756369285285473e-04 5.334965535439550877e-04 1.389004410157212988e-05 -1.898674294352531433e-03 -1.687682699412107468e-03 8.058138191699981689e-04 2.724390942603349686e-04 9.534734999760985374e-04 -2.658005338162183762e-03 -1.362211769446730614e-03 1.513910829089581966e-04 2.051633317023515701e-03 7.211016491055488586e-04 -2.524677431210875511e-03 -1.740040606819093227e-03
-5.585034959949553013e-04 6.724784616380929947e-04 2.561534638516604900e-04 -2.845419337972998619e-03 -2.126272302120923996e-03 1.238976605236530304e-03 4.449932021088898182e-04 9.545223438180983067e-04 -3.575482871383428574e-03 -2.370365895330905914e-03 6.031615193933248520e-04 2.341602230444550514e-03 8.110360358841717243e-04 -3.657937981188297272e-03 -2.935761353000998497e-03
1.510624497313983738e-05 8.335047168657183647e-04 3.491321986075490713e-04 -2.159128431230783463e-03 -1.657511573284864426e-03 1.003407640382647514e-03 5.317858303897082806e-04 1.172562711872160435e-03 -2.860007574781775475e-03 -1.885108184069395065e-03 2.980125427711755037e-04 1.933083054609596729e-03 1.163473003543913364e-03 -2.881509251892566681e-03 -2.243780065327882767e-03
-8.781457319855690002e-03 4.241677001118659973e-03 -1.376728527247905731e-03 -6.795043591409921646e-03 -1.091190241277217865e-02 -3.610218875110149384e-03 3.796169476117938757e-04 5.723213776946067810e-03 -1.072405651211738586e-02 2.976825999212451279e-05 -5.140901077538728714e-03 9.964974597096443176e-03 8.652279153466224670e-03 -5.827920977026224136e-03 -4.862753208726644516e-03
-6.398924160748720169e-03 -2.082639141008257866e-03 -2.122689038515090942e-03 -6.629114970564842224e-03 -8.047919720411300659e-03 6.265544798225164413e-04 -1.131757278926670551e-03 6.116047152318060398e-04 -1.044775824993848801e-02 -5.902571720071136951e-04 9.627006947994232178e-04 9.249650873243808746e-03 -8.246449287980794907e-04 -7.645560894161462784e-03 -3.401813795790076256e-03
