-1.219290716107934713e-04 2.723993966355919838e-04 2.230140380561351776e-04 -1.778388046659529209e-03 -8.804246317595243454e-04 2.381979953497648239e-03 -8.538129623048007488e-05 4.481642972677946091e-04 -1.235962845385074615e-03 7.158762309700250626e-04 1.183459768071770668e-03 4.114919574931263924e-04 1.153897261247038841e-03 -1.369697274640202522e-03 2.773395317490212619e-05
-1.002640463411808014e-03 -2.295576559845358133e-04 1.990282471524551511e-04 -2.207503654062747955e-03 -1.125114038586616516e-03 2.525749150663614273e-03 2.449606254231184721e-04 9.792267810553312302e-04 -1.422023633494973183e-03 1.096716150641441345e-03 1.001796801574528217e-03 3.840340068563818932e-04 1.283589401282370090e-03 -1.438582432456314564e-03 -8.498193346895277500e-05
-1.541645615361630917e-04 6.736365030519664288e-04 1.902146468637511134e-04 -2.556396881118416786e-03 -1.340034184977412224e-03 2.946392167359590530e-03 7.071316940709948540e-04 1.086345058865845203e-03 -1.697481260634958744e-03 -2.132620720658451319e-04 7.703660521656274796e-04 6.331096665235236287e-05 1.423254492692649364e-03 -2.141182543709874153e-03 -1.183088053949177265e-03
-3.252589376643300056e-04 1.530132023617625237e-03 2.960917074233293533e-03 -8.762012235820293427e-03 -2.346900757402181625e-03 1.183485612273216248e-02 1.396168256178498268e-03 3.598227398470044136e-03 -4.373877774924039841e-03 3.279071068391203880e-03 5.792269483208656311e-03 1.138854422606527805e-03 8.264817297458648682e-03 -3.995701670646667480e-03 9.495412814430892467e-04
-7.432973361574113369e-04 4.062206484377384186e-03 4.336051177233457565e-03 -5.042116623371839523e-03 3.191478783264756203e-03 1.058917026966810226e-02 3.552842652425169945e-03 1.336644752882421017e-03 1.529189874418079853e-03 -4.070136055815964937e-04 4.920547828078269958e-03 9.665983379818499088e-04 1.091045793145895004e-02 -2.068535191938281059e-03 -1.781992148607969284e-03
-1.932704180944710970e-04 4.219632537569850683e-04 5.235952557995915413e-04 -1.422595232725143433e-03 4.465478559723123908e-05 2.224781084805727005e-03 8.309882250614464283e-04 1.255159731954336166e-03 -2.778508933261036873e-04 5.229227244853973389e-04 7.509618881158530712e-04 -1.680355308053549379e-05 1.775513985194265842e-03 -9.266621782444417477e-04 1.131071912823244929e-04
-4.231332568451762199e-04 9.060385054908692837e-04 3.581733035389333963e-04 -1.422989997081458569e-03 -5.272155394777655602e-04 1.867049955762922764e-03 5.895766080357134342e-04 7.457971805706620216e-04 -8.348065312020480633e-04 5.429318407550454140e-04 9.825727902352809906e-04 3.010424552485346794e-05 2.169938292354345322e-03 -1.036622794345021248e-03 9.325247083324939013e-05
-6.483091274276375771e-04 2.242030604975298047e-04 2.672839618753641844e-04 -1.548120635561645031e-03 -6.255128537304699421e-04 1.705378759652376175e-03 2.185979974456131458e-04 8.117580437101423740e-04 -1.144466339610517025e-03 7.140518864616751671e-04 8.945079171098768711e-04 2.980784920509904623e-04 1.323056756518781185e-03 -1.151761971414089203e-03 1.018079856294207275e-04
-9.570353664457798004e-03 -3.154314123094081879e-03 -3.538564313203096390e-03 -8.464800193905830383e-03 -6.862814072519540787e-03 7.758498657494783401e-03 7.760023581795394421e-04 1.269746455363929272e-03 -5.009198095649480820e-03 8.769678883254528046e-03 4.814390093088150024e-03 7.668210309930145741e-04 6.393598392605781555e-03 -5.726245231926441193e-03 6.331223528832197189e-03
-5.860473960638046265e-03 -2.566547831520438194e-03 -8.061108528636395931e-04 -4.843819886445999146e-03 -2.145698759704828262e-03 6.243521813303232193e-03 -1.610413426533341408e-03 1.306169549934566021e-03 -3.160599851980805397e-03 5.549889523535966873e-03 4.082498606294393539e-03 2.359651960432529449e-03 2.397951669991016388e-03 -3.702702233567833900e-03 2.381039084866642952e-03
-2.787856501527130604e-04 4.063406086061149836e-04 3.087128570768982172e-04 -1.289100735448300838e-03 -3.563401987776160240e-04 2.220136346295475960e-03 1.935001055244356394e-04 8.313980652019381523e-04 -6.368549657054245472e-04 7.048508850857615471e-04 1.015659188851714134e-03 2.308375114807859063e-04 1.517815981060266495e-03 -9.581127087585628033e-04 3.396296524442732334e-04
-3.698313084896653891e-04 6.702825776301324368e-04 4.499939677771180868e-04 -2.121006837114691734e-03 -7.948174607008695602e-04 2.640981692820787430e-03 5.340014467947185040e-04 1.001312746666371822e-03 -1.335032051429152489e-03 2.918264653999358416e-04 1.137272920459508896e-03 1.546290004625916481e-04 1.940928632393479347e-03 -1.580456388182938099e-03 -4.349389055278152227e-04
1.254718663403764367e-04 6.855266983620822430e-04 4.411385452840477228e-04 -1.287704333662986755e-03 -5.290884291753172874e-04 1.983844675123691559e-03 4.255979147274047136e-04 9.280006051994860172e-04 -8.813805761747062206e-04 7.481358479708433151e-04 7.384761120192706585e-04 1.248815970029681921e-04 2.010479103773832321e-03 -8.848846191540360451e-04 2.618958242237567902e-04
-9.798889979720115662e-03 2.321793697774410248e-03 3.117132466286420822e-03 -7.836598902940750122e-03 -4.682895727455615997e-03 7.653067819774150848e-03 -1.081425696611404419e-03 1.360022230073809624e-03 -2.240173052996397018e-03 1.291473302990198135e-02 3.288967534899711609e-03 1.910906517878174782e-03 1.257174648344516754e-02 -1.190319540910422802e-03 5.770775489509105682e-03
-6.177061703056097031e-03 -2.533792750909924507e-03 -4.697487165685743093e-04 -5.711116828024387360e-03 -4.540951456874608994e-03 5.824325606226921082e-03 -1.874041743576526642e-03 -2.368003624724224210e-04 -5.008724052459001541e-03 6.641284096986055374e-03 5.913614761084318161e-03 2.603533444926142693e-03 1.770446775481104851e-03 -3.984712064266204834e-03 4.617920145392417908e-03
