1.045275568962097168e+00 -5.501061677932739258e-02 1.194386556744575500e-01 1.657552085816860199e-02 -9.438290726393461227e-04 2.267553843557834625e-02 -1.055706385523080826e-02 7.509586960077285767e-02 -4.772736132144927979e-02 -2.844806574285030365e-02 1.968490332365036011e-02 -7.655482739210128784e-02 -9.974838793277740479e-02 -4.432410746812820435e-02 4.807544872164726257e-02
2.022209018468856812e-01 2.800886332988739014e-01 -7.487268303520977497e-04 -5.366937723010778427e-03 8.876252919435501099e-03 -2.068531699478626251e-02 -1.236288901418447495e-02 3.730502910912036896e-03 8.392535150051116943e-03 3.037501126527786255e-02 -8.833768777549266815e-03 -1.363416761159896851e-02 1.451271586120128632e-02 4.011458251625299454e-03 4.526553303003311157e-02
3.757941126823425293e-01 -2.309795655310153961e-02 2.811755537986755371e-01 1.859112083911895752e-02 -3.321848809719085693e-02 9.142744541168212891e-02 1.104110758751630783e-02 1.509408839046955109e-02 -1.469649188220500946e-02 -1.818676292896270752e-02 2.584920637309551239e-02 1.007554028183221817e-02 -1.870436407625675201e-02 8.025729097425937653e-03 7.584025710821151733e-02
2.575292587280273438e+00 -5.466171503067016602e-01 -2.657953798770904541e-01 9.419829845428466797e-01 -2.449680864810943604e-01 -5.645177960395812988e-01 2.702121436595916748e-01 6.723818182945251465e-02 -1.672254949808120728e-01 -1.522647142410278320e-01 1.701285392045974731e-01 -3.078492879867553711e-01 -1.623518168926239014e-01 1.973405927419662476e-01 1.728208065032958984e-01
3.734467506408691406e+00 4.001302421092987061e-01 2.590040117502212524e-02 -1.736227422952651978e-01 8.618971109390258789e-01 5.601806640625000000e-01 -1.206841841340065002e-01 -1.902412623167037964e-01 -7.754856348037719727e-02 -2.651709616184234619e-01 -1.542344689369201660e-01 -7.282361388206481934e-02 -2.164682447910308838e-01 -1.527202129364013672e-01 6.061744093894958496e-01
5.119175910949707031e-01 -2.243006601929664612e-03 5.926484614610671997e-02 -2.311917633051052690e-04 2.243135124444961548e-03 4.622346758842468262e-01 4.046113044023513794e-02 1.267866417765617371e-02 -8.717759512364864349e-03 6.437309551984071732e-03 2.100322768092155457e-02 4.732638597488403320e-03 -2.856479398906230927e-02 -6.906484719365835190e-03 7.461392134428024292e-02
1.649993509054183960e-01 -4.647148773074150085e-03 9.769546799361705780e-03 7.977181114256381989e-03 8.825703524053096771e-03 -3.008196130394935608e-03 2.968113720417022705e-01 4.042165353894233704e-03 -9.876873344182968140e-03 1.840083301067352295e-02 1.504506822675466537e-02 1.997058838605880737e-02 1.419936958700418472e-02 1.723069138824939728e-02 4.679873585700988770e-02
2.077545166015625000e+00 -1.425435096025466919e-01 2.341879159212112427e-01 -5.170707404613494873e-02 -1.278058439493179321e-01 2.941431403160095215e-01 -3.913191333413124084e-02 1.991050839424133301e-01 -7.089383155107498169e-02 -9.976504743099212646e-02 1.204789504408836365e-01 4.067497700452804565e-02 -1.949306577444076538e-01 -1.602253019809722900e-01 2.906015515327453613e-01
2.304074019193649292e-01 2.646332606673240662e-02 -1.422157585620880127e-01 -4.756360501050949097e-02 -5.886179581284523010e-02 -8.136496543884277344e-01 2.494721710681915283e-01 -6.029702723026275635e-02 9.663131833076477051e-01 -1.598055660724639893e-01 1.779017597436904907e-01 -3.806053400039672852e-01 -1.621148288249969482e-01 1.868900097906589508e-02 -2.017744779586791992e-01
2.905780792236328125e+00 2.846716158092021942e-02 2.018884569406509399e-01 -1.344557255506515503e-01 -1.532943695783615112e-01 -4.801070690155029297e-02 7.164315879344940186e-02 -6.112971901893615723e-02 -2.156408689916133881e-02 7.948773503303527832e-01 6.565691530704498291e-02 -1.655843257904052734e-01 2.757816314697265625e-01 -7.317721098661422729e-02 8.459150791168212891e-02
1.640960216522216797e+00 -1.729592084884643555e-01 1.597435474395751953e-01 6.506192032247781754e-03 -1.485134959220886230e-01 7.049171626567840576e-02 3.465534001588821411e-02 1.119455555453896523e-03 -7.550929673016071320e-03 -1.123619377613067627e-01 3.176760673522949219e-01 -1.506183147430419922e-01 -2.023430317640304565e-01 -1.189765632152557373e-01 3.492593765258789062e-01
1.207273453474044800e-01 -1.219051796942949295e-02 3.934687003493309021e-02 1.249721739441156387e-02 2.205007243901491165e-03 7.047686725854873657e-02 4.424991086125373840e-02 1.905053853988647461e-03 1.186241162940859795e-03 1.495278906077146530e-02 2.020676387473940849e-03 3.774144053459167480e-01 -4.877406638115644455e-03 8.952442556619644165e-03 4.157133400440216064e-02
1.806231439113616943e-01 -5.184475798159837723e-03 4.029126837849617004e-03 1.599075086414813995e-02 -1.648644544184207916e-02 -1.773983798921108246e-02 3.541414812207221985e-02 1.367831788957118988e-02 -6.050381343811750412e-03 5.315576866269111633e-02 -4.916027653962373734e-03 -2.707968652248382568e-02 2.437426894903182983e-01 1.474765595048666000e-02 4.861412197351455688e-02
5.709865689277648926e-01 -9.194992482662200928e-02 9.978361427783966064e-02 1.318181306123733521e-01 -3.226252198219299316e-01 -1.245124340057373047e-01 7.026582956314086914e-02 2.521902322769165039e-02 -1.482754498720169067e-01 -1.779610663652420044e-01 -4.698137193918228149e-02 -1.125804260373115540e-01 6.083083897829055786e-02 1.150470972061157227e+00 -3.387489914894104004e-02
1.415061473846435547e+00 -1.472109705209732056e-01 1.040942147374153137e-01 3.308600932359695435e-02 -1.078372076153755188e-01 -7.484719157218933105e-03 5.505812540650367737e-02 -7.913362979888916016e-02 -8.752573281526565552e-02 8.037659339606761932e-03 6.559511274099349976e-02 3.074574470520019531e-02 -2.653006650507450104e-02 2.506244555115699768e-02 8.074585199356079102e-01
