-1.539643049240112305e+00 -1.742744445800781250e-01 1.452569067478179932e-01 4.880295321345329285e-02 -1.016383245587348938e-01 3.227865993976593018e-01 2.563230991363525391e-01 -1.234536245465278625e-01 4.129648953676223755e-02 -3.262098506093025208e-02
-2.808225750923156738e-01 4.836600124835968018e-01 -2.356826514005661011e-02 9.569158405065536499e-02 6.729255616664886475e-02 2.548889815807342529e-01 -9.360490739345550537e-02 -4.003351554274559021e-03 -5.239237565547227859e-03 5.361364688724279404e-03
-8.308500051498413086e-02 -2.150716260075569153e-03 -1.057737227529287338e-02 1.409327494911849499e-03 -1.841588964452967048e-04 6.467272178269922733e-04 -5.230247625149786472e-04 -1.111812889575958252e-03 -1.523760729469358921e-03 -9.237812482751905918e-04
-3.212645649909973145e-01 3.797623515129089355e-02 -1.228273138403892517e-01 5.332704186439514160e-01 -3.974094241857528687e-02 5.441576242446899414e-01 -3.246976435184478760e-02 -1.766485273838043213e-01 4.507544916123151779e-03 -8.977735415101051331e-03
-2.177033871412277222e-01 -6.603420246392488480e-03 -1.065261363983154297e-01 -1.881204312667250633e-03 1.022706553339958191e-02 3.584525361657142639e-02 -1.653684303164482117e-02 1.345626823604106903e-02 5.142262671142816544e-03 8.858355693519115448e-03
-1.046851873397827148e+00 -1.453530639410018921e-01 -2.537391781806945801e-01 3.141107037663459778e-02 -2.144058607518672943e-02 5.181694030761718750e-01 -8.199131488800048828e-02 3.175106644630432129e-02 2.570245601236820221e-02 4.345273226499557495e-02
-5.240579843521118164e-01 -1.753907799720764160e-01 -1.614725887775421143e-01 3.898410871624946594e-02 -1.114540547132492065e-01 4.012312889099121094e-01 6.371452212333679199e-01 -1.880769729614257812e-01 1.124100061133503914e-03 -3.547753207385540009e-03
-9.782231450080871582e-01 -3.644093871116638184e-02 -6.918312609195709229e-02 -1.355522591620683670e-02 1.515687908977270126e-02 3.279041871428489685e-02 -3.264069184660911560e-02 1.021497175097465515e-01 1.528862025588750839e-02 2.304802276194095612e-02
-3.994469642639160156e-01 -6.936659663915634155e-02 4.835677891969680786e-02 -2.009638771414756775e-02 2.179969474673271179e-02 1.223674342036247253e-01 -5.566028505563735962e-02 5.266951769590377808e-02 8.519989252090454102e-02 8.565197885036468506e-02
-1.861731290817260742e+00 -1.165925264358520508e-01 -8.233222961425781250e-01 -2.603129856288433075e-02 2.461944706737995148e-02 1.171388179063796997e-01 -8.575555682182312012e-02 8.356385678052902222e-02 3.547222167253494263e-02 2.562461495399475098e-01
