-1.828391909599304199e+00 -5.908389762043952942e-02 1.142874732613563538e-02 -1.426288932561874390e-01 4.336786642670631409e-02 -8.720763772726058960e-02 -7.247180491685867310e-02 -1.166031733155250549e-01 -1.770266592502593994e-01 -6.184421479701995850e-02
-1.701542258262634277e+00 -5.369024723768234253e-02 7.236225996166467667e-03 -1.469754129648208618e-01 1.423801202327013016e-02 -8.249310404062271118e-02 -6.480753421783447266e-02 -1.036403104662895203e-01 -1.554259359836578369e-01 -2.826010435819625854e-02
-9.718824625015258789e-01 -3.059523180127143860e-02 4.926428664475679398e-03 -8.703054487705230713e-02 2.768467878922820091e-03 -4.747225344181060791e-02 -3.807760775089263916e-02 -5.734760686755180359e-02 -8.880773931741714478e-02 -1.367640215903520584e-02
-1.744658470153808594e+00 -4.056790843605995178e-02 1.680176332592964172e-02 6.461401283740997314e-02 1.430900692939758301e-01 -9.770028293132781982e-02 -5.201599001884460449e-02 -1.657063812017440796e-01 -3.218806684017181396e-01 -4.174836874008178711e-01
-5.525434875488281250e+01 -1.795972228050231934e+00 2.775876522064208984e-01 -4.432361125946044922e+00 3.536590039730072021e-01 -2.603936195373535156e+00 -2.130648851394653320e+00 -3.421953916549682617e+00 -4.938662052154541016e+00 -1.719961881637573242e+00
-1.909669995307922363e+00 -5.938932672142982483e-02 3.074068110436201096e-03 -1.642947196960449219e-01 -1.570346765220165253e-02 -9.130600839853286743e-02 -7.025617361068725586e-02 -1.130690723657608032e-01 -1.654823273420333862e-01 -1.931419596076011658e-02
-1.380132317543029785e+00 -4.257109016180038452e-02 8.021693676710128784e-03 -1.106001958250999451e-01 2.417358383536338806e-02 -6.731097400188446045e-02 -5.217388272285461426e-02 -8.526153117418289185e-02 -1.343423277139663696e-01 -3.964388370513916016e-02
-7.525918483734130859e-01 -2.538640610873699188e-02 -1.063443138264119625e-03 -7.258547097444534302e-02 -5.051862448453903198e-02 -3.691191598773002625e-02 -2.975188195705413818e-02 -3.865836560726165771e-02 -5.162263289093971252e-02 -9.159212931990623474e-03
-9.796728491783142090e-01 -3.995544090867042542e-02 -1.790218241512775421e-02 -2.500145137310028076e-01 -2.827762067317962646e-01 -6.508201360702514648e-02 -4.766239970922470093e-02 9.781733155250549316e-03 5.058453977108001709e-02 2.006542831659317017e-01
-2.723756074905395508e+00 -6.948675215244293213e-02 -4.239488393068313599e-03 -5.633719563484191895e-01 -1.489442735910415649e-01 -1.108094453811645508e-01 -6.421504169702529907e-02 -2.050696499645709991e-02 -1.557016670703887939e-01 9.538758993148803711e-01
