-5.055352672934532166e-02 6.347079179249703884e-04 7.172712124884128571e-03 7.738207350485026836e-04 -1.396564999595284462e-03 -1.025984063744544983e-03 3.198636928573250771e-03 1.036968268454074860e-02 -1.638472545892000198e-03 1.162022817879915237e-04
-4.176080971956253052e-02 1.899106777273118496e-03 1.614614273421466351e-03 2.049932722002267838e-03 -6.061836611479520798e-04 -1.685117022134363651e-03 1.209878595545887947e-03 6.098785437643527985e-03 -9.991090046241879463e-04 3.106532676611095667e-04
-3.618682175874710083e-02 2.706498606130480766e-03 3.963058814406394958e-03 5.885091377422213554e-04 -5.422734539024531841e-04 -2.363494830206036568e-03 1.772622694261372089e-03 6.594099570065736771e-03 -1.085340511053800583e-03 7.404915959341451526e-05
-2.180501073598861694e-01 2.754580788314342499e-02 -1.960854232311248779e-02 4.356486350297927856e-02 9.605170926079154015e-04 -1.385539304465055466e-02 -9.601308032870292664e-03 6.540709640830755234e-03 -2.674928121268749237e-02 -8.968671318143606186e-05
-3.723626136779785156e-01 -7.538320962339639664e-03 4.948806017637252808e-02 2.577397506684064865e-03 2.931592985987663269e-02 2.136169467121362686e-03 3.957347144023515284e-05 8.115076459944248199e-03 1.083596795797348022e-02 2.352883666753768921e-02
-5.720855295658111572e-02 6.355436053127050400e-04 8.398359059356153011e-04 4.819694440811872482e-03 -4.273176309652626514e-04 -1.544723054394125938e-03 1.500111538916826248e-03 5.775560624897480011e-03 -2.860985696315765381e-03 2.122420817613601685e-03
-4.770857095718383789e-02 1.679371693171560764e-03 8.433170616626739502e-03 1.867044367827475071e-03 9.766126750037074089e-04 -3.961572423577308655e-03 1.766570785548537970e-04 5.848482716828584671e-03 1.232022041222080588e-04 -1.404374954290688038e-03
-2.561138197779655457e-02 1.503020175732672215e-03 1.061830297112464905e-02 7.049472187645733356e-04 -4.162982106208801270e-03 -1.595303299836814404e-03 1.186392502859234810e-03 8.869760669767856598e-03 -1.850328408181667328e-03 -1.236411626450717449e-03
-2.141917496919631958e-01 -1.992263831198215485e-03 2.908742986619472504e-02 -2.948592603206634521e-02 1.112045627087354660e-02 -2.219104766845703125e-02 2.380633167922496796e-02 2.266903594136238098e-02 1.088686846196651459e-02 -9.238764643669128418e-03
-3.160416483879089355e-01 -8.364964276552200317e-03 6.961625814437866211e-02 -2.542008180171251297e-03 1.368028856813907623e-02 -7.508001755923032761e-03 1.112387888133525848e-02 3.394234180450439453e-02 1.543565839529037476e-02 4.393248260021209717e-02
