-8.473254907015335610e-04 -9.862418477954340134e-04 -1.441018022422093425e+00 -9.754171941109330071e-03 -4.301792490566203574e-03 -9.683729226809414210e-04 -9.891811758940740468e-04 6.086228168644813169e-02 -9.762638531568655978e-03 -4.238433630015869119e-03 -9.629230417494756989e-04 3.329621570761090357e-03 -4.108956062895985925e-04 -9.813265673171919085e-03 -4.399240982113149928e-03
-9.547035614929105405e-04 7.516929763572560708e-02 -9.724512360968606394e-04 -9.753552114237775891e-03 -4.231419510959873523e-03 -9.681801346895918536e-04 -3.123118245153342840e-02 6.905688921533929131e-03 -7.720346808264539826e-03 1.182994240181170151e-02 -9.588807992854256682e-04 -9.822488516810234677e-04 -8.899595980317368243e-04 -9.813170864799677581e-03 -4.399240289008373231e-03
-9.653708144072285129e-04 -9.846235873464798376e-04 -9.743542460757162026e-04 -9.752652624597367426e-03 -4.301793118645668747e-03 -9.681759056642372284e-04 -9.962876179690361832e-04 -9.268076862049232654e-04 -9.539269255083604807e-03 -4.342612562329909234e-03 -1.103470066050004934e-03 -9.847714566740346960e-04 -1.404743930870143518e-03 -9.759207543261230050e-03 -4.399241812312527922e-03
7.868831385696080372e-02 8.314530547139543926e-02 2.510772819083309515e-01 -5.525746628889875722e-03 2.090738278300103854e-03 2.584376011437093234e-03 1.398627412484104993e-01 1.249973048555967081e-01 -6.684931519398292464e-03 2.517948506239535769e-02 1.538192512807024515e-01 1.190390129058642183e-03 -6.925994004591130414e-04 -8.952661029081297045e-03 -2.692689582174284321e-03
1.960750245298892525e+00 1.725365191022250722e+00 4.911544579879209005e-01 -9.754169963354254042e-03 1.005307233560297053e+00 -9.458854592829945987e-04 1.653422364772689016e-02 -9.711814465919927676e-04 -9.760866298694053853e-03 -4.342481788628503245e-03 2.813426875373528993e-02 -9.847606822703048116e-04 -9.932100650010074108e-04 -9.803431172127868853e-03 1.564720301025536442e-02
-9.442941700250920235e-04 -3.881926351606424918e-04 4.267251291106494843e-02 -1.602512414099448168e-02 5.636166667260384538e-02 -9.610509322587964956e-04 -3.025046426369046174e-04 -9.711849943067640302e-04 -2.444586157522567887e-02 -4.342490364983690038e-03 -8.402194678442564046e-04 -9.844125510761166445e-04 -9.921317450553570824e-04 -9.813280717853832547e-03 -4.412912707556292807e-03
-9.653740680360059371e-04 9.207544321805598286e-02 -9.996668772225205009e-04 -9.754171451303608048e-03 -4.301791319645713665e-03 -1.784277875158714680e-02 6.304172015049062938e-03 -9.711922941275592846e-04 -9.760850652584501796e-03 -4.341379000651546770e-03 -9.629244127227282657e-04 -9.846964869604291938e-04 -4.509374713696839496e-03 -9.813224830394332021e-03 -4.417683477397658237e-03
-1.009231598583672836e-03 3.358022597919049224e-01 -9.742317383605234287e-04 -9.754192491537583276e-03 -4.301773931866164150e-03 9.448611346157216595e-03 -9.883139441311276571e-04 -9.713874030273074792e-04 -9.756475673623969669e-03 -2.077022286874958667e-03 -9.357256665663907236e-04 -9.829266494146707625e-04 -9.933305564867745806e-04 -9.813111604828630985e-03 -4.399283737561069003e-03
7.988245192947404302e-03 -8.578654706182977773e-04 1.640711968496392781e-01 -5.052787311876698502e-03 -3.763781938856937404e-03 4.421478212203252753e-03 2.763520946060088468e-01 9.388447422954951382e-02 -9.840532032031304617e-04 5.509330048538528882e-03 8.602248777471356448e-04 6.264637204571772700e-02 2.494038091321633399e-02 -9.388681540836670003e-03 -4.335453059582950949e-03
2.073849154938913267e-03 -9.861098973252878461e-04 8.217395235096054337e-03 -9.754170490298145341e-03 -4.281045462421442099e-03 1.930880790774023081e+00 1.870174693167235169e+00 4.978759867838172815e-01 -9.760867155040670734e-03 9.902127535424851690e-01 2.342061133099301862e-02 6.659790802507409985e-03 2.811048279403172839e-02 -9.813262872716905366e-03 9.410550136018174319e-03
-9.653706128792270864e-04 1.998322844004093470e-03 -6.107527885146144669e-02 -9.731258896263873456e-03 -4.301579138951347643e-03 -9.681936836318572916e-04 -9.881945139482998988e-04 2.017875964980753722e-01 -9.762779763263293789e-03 -4.342482853434194781e-03 -9.629153180595695187e-04 3.265706236246941879e-03 -9.932296147208900632e-04 5.642476865688447578e-03 -4.399239241590280867e-03
1.106347419918147917e-01 1.375261011149981338e-01 -9.743730333903101058e-04 -9.633177311733472081e-03 -4.299013631799818158e-03 3.915083590710208283e-02 -1.199333756086945566e-03 -9.708343443369251390e-04 -1.036020891059842748e-02 -4.342483319714259687e-03 -1.324206471991483738e-03 -9.849723299698899277e-04 -2.895584895722721347e-02 -9.813267785803776733e-03 -4.399235911631754065e-03
-1.483030186451033306e-04 -1.049421447011388876e-03 -9.743646854553680544e-04 1.193761977431659696e-03 -4.302095948951891596e-03 -9.681737944749475421e-04 -9.882118133972741386e-04 -9.554224044018846344e-04 -9.762710581228541823e-03 -4.342484580621629522e-03 -9.629193922130312730e-04 -9.845255106057161122e-04 -9.932878904376077952e-04 -5.890444974112212656e-03 -4.401905083265688842e-03
4.754778350137098958e-02 4.209111130058369732e-02 1.678399538950488823e-01 2.671922940307869948e-04 1.777251087369681112e-02 6.380000213101250095e-02 2.991627273162448045e-02 4.213017568606527985e-02 -8.144363078403486778e-03 3.203475385997736624e-02 1.525205046306932211e-01 2.262995599127996804e-02 4.919096791722160633e-02 3.505191562461012177e-03 2.458868725710947403e-02
6.127122603340690379e-03 1.863172300611286650e-02 3.984114533649830286e-02 -9.751437118339860433e-03 9.166432556734157439e-03 6.744173012853892091e-02 5.125581051532292903e-03 -9.711836571701958944e-04 -9.760701865316410639e-03 -4.342093732962104199e-03 1.931478359071001849e+00 1.950992440038807230e+00 5.320947185012194769e-01 -9.813263980677878334e-03 9.794700199756741776e-01
