-8.765917737036943436e-04 3.761966945603489876e-03 3.451728960499167442e-03 2.390297129750251770e-03 1.494133006781339645e-02 3.100461908616125584e-04 1.398901949869468808e-04 1.519428769825026393e-04 -1.266817376017570496e-02 3.101737005636096001e-03
-1.812891219742596149e-03 3.809969406574964523e-03 2.470788545906543732e-03 9.114004205912351608e-04 1.278056763112545013e-02 -1.140015432611107826e-03 -1.016609137877821922e-03 9.159139008261263371e-04 -9.910565800964832306e-03 5.338819697499275208e-03
2.000786917051300406e-04 4.390974529087543488e-03 2.502645598724484444e-03 -5.861845333129167557e-03 1.273302268236875534e-02 1.655619940720498562e-03 -1.127844792790710926e-03 1.372160622850060463e-03 -8.049580268561840057e-03 1.648011989891529083e-02
-4.065000452101230621e-03 1.109996903687715530e-02 3.790140151977539062e-03 1.662608236074447632e-01 -3.302037250250577927e-03 -2.330520190298557281e-02 1.419498678296804428e-02 -4.427608102560043335e-02 -6.293746083974838257e-02 -2.038334757089614868e-01
-2.737998962402343750e-02 1.980000175535678864e-02 4.265652969479560852e-02 2.944742562249302864e-03 2.884320318698883057e-01 -1.674453355371952057e-02 1.220331760123372078e-03 -1.532174088060855865e-02 -9.626182168722152710e-02 8.832385390996932983e-02
-1.934339292347431183e-03 4.293776582926511765e-03 3.594280919060111046e-03 1.048316131345927715e-03 2.153288759291172028e-02 -2.591984812170267105e-03 -2.687240776140242815e-04 -6.177932955324649811e-04 -1.205268688499927521e-02 8.881325833499431610e-03
-1.766550703905522823e-04 3.657810622826218605e-03 3.309919498860836029e-03 3.594979643821716309e-03 1.546496339142322540e-02 -2.530123107135295868e-03 -1.098293359973467886e-04 -4.238144902046769857e-05 -1.208032201975584030e-02 1.551675260998308659e-03
1.054239692166447639e-03 1.771670649759471416e-03 2.504502423107624054e-03 -3.063642070628702641e-04 2.536037238314747810e-03 2.525638556107878685e-03 -1.181918312795460224e-03 1.656372798606753349e-03 -6.545708980411291122e-03 -3.748079470824450254e-04
-1.817715121433138847e-03 2.696705423295497894e-02 -6.231162231415510178e-03 -4.894596338272094727e-02 -2.950135618448257446e-02 -2.081848308444023132e-02 -1.606500893831253052e-02 2.036614157259464264e-02 1.278318185359239578e-02 6.405331194400787354e-02
3.696254454553127289e-03 1.237956155091524124e-02 2.517172321677207947e-02 -3.332598879933357239e-02 1.213619485497474670e-01 2.882160805165767670e-02 3.182907402515411377e-02 6.685356795787811279e-02 -5.469985306262969971e-02 2.279846668243408203e-01
