1.752114742994308472e-01 -7.244726270437240601e-02 -2.904934883117675781e-01 1.776092499494552612e-02 3.981499001383781433e-02 1.086685061454772949e-01 4.481816887855529785e-01 -5.681207403540611267e-02 -5.375647172331809998e-02 1.190832778811454773e-01
-2.893432416021823883e-02 6.266383528709411621e-01 2.535340189933776855e-01 4.800315201282501221e-02 8.144776523113250732e-02 9.375240653753280640e-02 -1.388768851757049561e-01 -1.340526435524225235e-02 -4.738318175077438354e-02 -2.631931193172931671e-02
-1.772519135556649417e-05 3.883033787133172154e-05 3.700978704728186131e-04 -1.345458167634205893e-05 9.337352821603417397e-05 3.821603240794502199e-05 -8.780253847362473607e-05 4.674222145695239305e-04 2.940163831226527691e-04 1.952576276380568743e-04
-8.722431957721710205e-03 2.572043426334857941e-02 -1.723110228776931763e-01 3.731984198093414307e-01 5.968359857797622681e-02 2.100002914667129517e-01 8.422277867794036865e-03 -1.833121478557586670e-02 -1.565332710742950439e-02 9.338339418172836304e-02
2.744328812696039677e-04 2.773656742647290230e-03 2.942147850990295410e-02 -7.957491092383861542e-03 1.152981445193290710e-02 8.250278420746326447e-03 -5.948696285486221313e-03 1.797095499932765961e-02 2.980137243866920471e-02 2.280510403215885162e-02
1.043130829930305481e-02 -8.220482617616653442e-02 -1.027182340621948242e-01 7.761565595865249634e-02 9.354300051927566528e-02 2.338387966156005859e-01 5.612114071846008301e-02 6.477010250091552734e-02 1.604976952075958252e-01 2.501319050788879395e-01
3.429378867149353027e-01 -1.546873301267623901e-01 -2.504162192344665527e-01 -1.232186630368232727e-01 6.455928087234497070e-03 1.370313949882984161e-02 4.868672788143157959e-01 -7.423809263855218887e-03 3.980842884629964828e-03 8.212759345769882202e-02
-2.330503659322857857e-03 2.648535650223493576e-03 1.522196233272552490e-01 -3.508679941296577454e-02 3.574595600366592407e-02 -5.715558771044015884e-03 -5.467964708805084229e-02 1.800379306077957153e-01 1.116844266653060913e-01 5.860750004649162292e-02
-1.546136382967233658e-02 -5.245910584926605225e-02 5.484917759895324707e-02 -4.885929077863693237e-02 9.630680829286575317e-02 -2.484844066202640533e-02 -9.077896922826766968e-02 1.393585205078125000e-01 3.652400076389312744e-01 2.771314680576324463e-01
5.740008316934108734e-03 -9.904368221759796143e-02 -8.318895846605300903e-02 -2.359247021377086639e-02 1.015789359807968140e-01 8.379156142473220825e-02 -3.131852298974990845e-02 1.441665589809417725e-01 3.199558556079864502e-01 3.031626343727111816e-01
